0,774,58,158,208,3.605600
1,88,37,46,84,0.470000
2,2718,67,1988,2022,15.466100
3,1866,57,1734,1776,10.131800
4,965,61,873,923,4.710200
5,780,67,104,151,4.457600
6,343,47,11,56,1.876000
7,834,58,47,88,4.120900
8,2036,74,1643,1691,12.003000
9,400,57,209,258,2.550300
10,2176,245,529,577,13.407300
11,446,62,191,239,2.488700
12,668,55,529,572,3.688600
13,279,46,216,252,1.783100
14,1876,61,1643,1696,10.694400
15,523,48,182,214,2.617900
16,285,49,159,213,1.467800
17,340,50,300,340,1.880200
18,396,57,206,245,2.629800
19,635,49,122,172,3.934400
20,1299,69,1203,1249,7.100800
21,3321,63,1390,1433,19.728000
22,465,51,399,446,2.465400
23,1155,74,768,817,5.669400
24,634,60,135,192,3.867500
25,1697,63,223,283,9.393500
26,1241,63,965,1003,6.976000
27,1481,64,1388,1439,7.819800
28,519,59,374,426,2.656900
29,1190,68,106,158,5.689500
30,40,22,26,38,0.235700
31,1134,64,246,284,5.752800
32,1350,71,650,693,7.176700
33,156,50,47,91,0.950500
34,459,49,41,83,2.581300
35,486,46,26,71,2.489400
36,545,52,298,336,3.301400
37,2346,71,1789,1833,13.631900
38,351,54,20,71,1.818100
39,1977,59,310,357,11.102800
40,163,39,107,136,0.846000
41,652,57,178,234,3.314100
42,950,58,357,394,4.684500
43,883,63,822,865,4.696300
44,217,46,66,113,1.215100
45,1242,79,231,277,6.529200
46,1576,70,1066,1108,8.643400
47,1228,60,438,485,6.449300
48,147,41,29,84,0.906900
49,606,48,198,250,3.016300
50,2194,63,350,397,12.794500
51,378,46,180,215,2.056100
52,174,50,100,138,1.067000
53,995,69,406,452,5.286600
54,1448,69,43,91,7.983200
55,746,59,185,231,4.082000
56,359,49,77,126,1.938400
57,543,55,12,43,2.756300
58,625,55,42,82,3.381900
59,1670,66,1115,1163,9.463500
60,1007,59,25,78,5.089100
61,1630,74,874,926,9.193500
62,1336,60,1037,1075,7.136000
63,1722,56,1564,1612,10.911200
64,215,58,89,130,1.171600
65,499,57,278,320,2.802400
66,910,68,861,904,4.730900
67,355,44,129,174,1.953900
68,144,50,77,126,0.778900
69,76,41,15,69,0.423300
70,40,40,3,40,0.214000
71,40,35,3,39,0.264600
72,609,61,249,295,3.425400
73,540,52,473,517,3.000300
74,912,55,191,235,4.426300
75,2599,75,1423,1476,16.542500
76,266,60,148,189,1.387100
77,252,52,162,213,1.332200
78,1469,69,247,286,7.744500
79,650,44,366,402,3.497800
80,525,57,260,301,2.973900
81,693,67,369,409,3.498200
82,11,17,4,11,0.073300
83,32,33,4,30,0.230500
84,528,53,343,384,2.901300
85,658,64,274,314,3.652200
86,2023,62,53,92,12.807600
87,87,37,37,85,0.475100
88,4218,69,3512,3564,25.934500
89,459,52,82,119,2.496500
90,143,42,62,110,0.795100
91,616,75,276,326,3.570300
92,144,49,13,62,0.840900
93,1895,57,1124,1169,11.128500
94,642,52,66,113,3.365600
95,255,61,172,218,1.463400
96,1583,74,443,494,8.911800
97,637,77,251,296,3.336900
98,1653,80,91,133,9.202100
99,722,69,296,353,3.821000
100,1069,54,427,489,5.519800
101,158,44,10,54,0.971500
102,1031,61,621,668,5.279000
103,390,79,337,386,2.178400
104,886,58,378,426,6.391300
105,154,47,30,70,0.952400
106,1693,65,752,812,9.593300
107,834,61,263,305,4.234100
108,555,53,70,130,2.805100
109,129,55,19,75,0.804600
110,1039,56,585,641,5.510800
111,351,53,43,73,1.844100
112,822,69,437,493,4.625000
113,178,49,39,88,0.999900
114,1576,97,325,376,8.417900
115,61,39,45,60,0.349300
116,29,22,12,29,0.201600
117,28,30,1,22,0.163300
118,11,14,8,11,0.074300
119,11,14,8,11,0.073100
120,619,68,78,127,3.107800
121,163,63,93,141,0.978800
122,131,59,66,119,0.668600
123,185,55,69,121,0.925600
124,185,55,69,121,0.915600
125,151,40,105,141,0.771400
126,151,40,105,141,0.821000
127,253,53,26,67,1.506900
128,253,53,26,67,1.580800
129,253,53,26,67,1.331600
130,265,53,151,189,1.475000
131,265,53,151,189,1.786600
132,63,30,35,62,0.347700
133,63,30,35,62,0.334300
134,104,41,8,51,0.558200
135,104,41,8,51,0.651100
136,105,50,27,71,0.540500
137,105,50,27,71,0.520000
138,136,47,17,64,0.711700
139,136,47,17,64,0.783600
140,257,52,91,133,1.281300
141,257,52,91,133,1.305200
142,377,62,77,127,2.067500
143,367,53,221,263,1.978500
144,1876,69,452,497,10.469700
145,556,45,254,312,3.003200
146,287,56,62,104,1.537200
147,1601,76,245,290,9.227500
148,947,54,608,646,4.684300
149,548,65,152,212,2.829100
150,740,56,616,664,3.840900
151,109,43,40,87,0.704400
152,12345,69,9373,9422,73.651200
153,177,44,71,129,0.917700
154,740,57,38,91,4.056800
155,2551,61,612,657,15.522800
156,3123,60,3033,3090,18.466700
157,1912,70,871,921,10.825400
158,2860,85,118,172,17.193500
159,473,59,273,324,2.486800
160,1715,59,494,536,9.592500
161,2179,65,1937,1982,13.286600
162,352,61,51,106,2.192100
163,2462,68,1528,1575,15.698000
164,457,60,375,427,2.412100
165,248,39,36,81,1.234800
166,405,53,231,267,2.090900
167,365,57,38,85,1.984600
168,297,43,84,130,1.793000
169,369,62,81,132,1.927900
170,574,51,473,509,2.923400
171,323,48,15,66,1.695200
172,827,62,61,116,4.211600
173,541,57,341,390,2.946000
174,326,44,135,165,1.703900
175,153,45,96,145,0.815200
176,476,60,12,61,2.935800
177,573,44,543,571,2.885600
178,3097,65,429,470,19.369300
179,642,62,522,570,3.259000
180,297,59,263,296,1.714600
181,892,58,840,888,4.699900
182,453,55,26,82,2.354500
183,51,34,16,48,0.324700
184,416,54,275,317,2.506000
185,924,58,191,247,4.786400
186,63,31,35,62,0.388200
187,1201,67,56,95,6.542200
188,398,65,307,349,2.057700
189,416,55,306,357,2.212200
190,578,61,298,345,2.944000
191,204,56,37,86,1.220100
192,1047,64,405,459,5.545400
193,213,40,77,125,1.233800
194,208,46,9,63,1.051900
195,398,48,45,90,2.030800
196,857,73,374,423,4.441700
197,884,64,350,397,4.730200
198,331,52,128,179,1.692200
199,509,62,230,277,2.690900
200,255,43,10,41,1.346300
201,270,51,201,250,1.568500
202,493,54,116,158,2.497500
203,718,54,198,238,3.995900
204,405,53,317,354,2.055000
205,2059,70,1242,1282,12.653200
206,318,45,49,93,1.678400
207,508,55,457,507,2.766600
208,275,52,49,82,1.775300
209,257,44,17,52,1.468000
210,1115,58,93,135,5.864900
211,501,54,415,457,2.648900
212,151,45,104,143,0.823500
213,589,70,296,341,3.228800
214,476,48,446,476,2.446600
215,961,65,744,793,5.128600
216,462,53,109,161,2.374200
217,723,58,11,53,3.669600
218,507,57,401,454,2.711800
219,496,43,2,33,2.693400
220,1192,63,581,638,6.774500
221,397,50,212,265,2.218800
222,487,66,103,146,3.089000
223,289,57,11,54,1.723400
224,1102,51,35,80,5.613500
225,92,43,3,51,0.617100
226,244,50,155,194,1.282600
227,612,54,488,539,3.240400
228,503,51,51,95,2.658900
229,439,53,30,67,2.167100
230,394,42,61,103,2.114600
231,234,49,14,55,1.213500
232,120,44,29,70,0.603200
233,81,46,36,79,0.421700
234,25,23,6,20,0.143000
235,115,47,89,112,0.596500
236,252,63,38,83,1.338600
237,47,36,19,44,0.282500
238,487,67,208,248,2.764600
239,409,62,276,325,2.231400
240,218,47,8,46,1.231800
241,476,43,110,152,2.717200
242,460,50,64,112,2.568200
243,2731,72,289,342,16.106700
244,737,59,548,587,3.972600
245,535,46,318,359,2.798900
246,1302,69,1206,1237,6.670000
247,365,52,251,278,1.853400
248,426,49,311,354,2.322800
249,438,49,262,298,2.263800
250,472,48,37,75,2.576700
251,946,74,158,206,4.792800
252,512,58,304,343,2.755700
253,176,44,44,90,0.981500
254,413,57,210,251,2.186400
255,1027,71,871,912,5.264000
256,531,59,131,175,2.696900
257,366,50,317,363,2.073100
258,533,60,116,153,2.788000
259,914,54,25,83,6.119900
260,153,47,10,51,0.810200
261,440,60,354,399,2.207100
262,192,51,33,84,1.113800
263,784,62,7,64,4.210300
264,460,45,331,370,2.432300
265,321,56,122,163,1.737900
266,207,40,175,201,1.072800
267,212,48,22,73,1.049500
268,443,55,373,432,2.230300
269,260,54,37,87,1.363500
270,316,52,209,245,1.719100
271,982,61,2,52,5.152600
272,237,51,148,192,1.289900
273,866,67,30,69,4.697300
274,509,53,96,137,3.005200
275,83,47,10,50,0.506800
276,307,50,61,103,1.624600
277,370,54,196,241,1.946300
278,542,49,179,225,2.721200
279,1571,67,173,216,8.595800
280,45,38,6,36,0.296800
281,588,70,397,447,3.277800
282,424,56,207,258,2.388400
283,256,56,56,90,1.301100
284,361,43,111,161,1.987200
285,340,47,293,328,1.804300
286,87,52,50,87,0.475700
287,435,47,355,400,2.356100
288,581,71,71,123,2.921100
289,601,63,258,305,3.248000
290,338,49,278,317,1.939800
291,392,67,35,85,2.160100
292,1097,68,343,388,5.697200
293,484,60,91,140,2.864400
294,968,54,229,283,5.003600
295,875,49,666,708,4.568900
296,102,55,15,54,0.551200
297,222,42,70,106,1.313600
298,1809,75,411,459,10.287000
299,89,39,59,77,0.496100
300,219,47,3,19,1.079400
301,186,53,33,79,0.926400
302,419,46,174,221,2.095600
303,635,44,233,275,3.468900
304,769,51,258,303,4.155700
305,514,52,44,94,2.842400
306,1982,70,1634,1682,11.545400
307,99,43,3,41,0.578700
308,156,55,10,55,0.909600
309,218,56,101,156,1.122600
310,138,50,71,105,0.698900
311,70,38,20,64,0.411800
312,2224,59,2048,2092,13.462700
313,96,48,61,95,0.579000
314,306,47,185,236,1.926400
315,565,60,312,359,3.033100
316,256,46,7,33,1.334300
317,511,48,202,237,2.819600
318,228,44,71,113,1.408400
319,262,43,168,207,1.371000
320,1620,80,1078,1124,9.309200
321,552,57,51,95,2.824700
322,224,46,20,69,1.211200
323,1353,58,55,100,7.262200
324,256,42,43,88,1.323200
325,123,48,2,56,0.771100
326,136,45,17,64,0.737500
327,174,52,39,86,0.907700
328,186,37,144,184,1.065700
329,208,50,15,64,1.086500
330,213,41,3,33,1.108800
331,376,39,92,144,1.967400
332,376,45,334,376,1.986300
333,642,49,605,641,3.250100
334,717,54,662,703,3.805700
335,378,63,189,240,1.920200
336,410,57,148,202,2.047200
337,552,66,369,411,2.881100
338,130,47,7,55,0.701300
339,307,58,73,121,1.372900
340,74,41,34,74,0.412600
341,75,47,35,75,0.390200
342,439,50,163,203,2.291600
343,442,54,2,46,2.597300
344,341,43,305,341,1.871500
345,1887,59,118,167,10.911000
346,657,74,332,380,3.536600
347,40,46,6,40,0.238400
348,134,51,42,87,0.732400
349,192,48,12,57,1.011500
350,1426,61,1317,1355,8.205900
351,105,36,22,53,0.577400
352,521,59,407,454,2.750100
353,256,52,26,61,1.455300
354,383,57,186,230,1.980900
355,510,68,85,138,2.683100
356,435,51,185,241,2.426400
357,758,73,648,697,3.862600
358,679,61,254,301,3.585500
359,206,61,87,137,1.061800
360,462,56,218,267,2.519800
361,113,42,17,46,0.633400
362,576,61,42,94,3.179200
363,262,48,69,118,1.402800
364,55,63,4,53,0.301600
365,1962,58,1551,1599,11.350600
366,697,59,490,532,3.668300
367,445,66,253,296,2.793500
368,2224,57,1980,2018,13.431300
369,373,54,180,221,1.880200
370,613,61,188,231,3.096800
371,376,51,38,90,1.926400
372,450,55,307,357,2.866300
373,449,55,307,357,2.560200
374,450,55,307,357,2.532800
375,462,64,318,368,2.441600
376,420,43,349,389,2.274100
377,155,42,39,76,0.832200
378,339,51,155,196,1.880800
379,649,67,122,173,3.306300
380,284,50,61,103,1.614000
381,306,69,8,52,1.736500
382,172,51,41,79,1.050700
383,115,51,16,48,0.589800
384,173,59,75,101,0.856100
385,126,42,91,115,0.713200
386,112,50,21,72,0.601300
387,112,51,7,50,0.554700
388,577,70,159,220,2.859800
389,567,75,164,225,2.726300
390,574,80,158,219,2.935100
391,2703,81,2158,2198,15.491200
392,502,63,453,501,2.472100
393,332,53,208,256,1.836100
394,332,53,208,256,2.019100
395,586,82,94,140,3.127400
396,1224,70,718,768,6.697800
397,433,58,100,146,2.221600
398,356,48,123,165,1.871400
399,530,52,457,503,3.024300
400,721,51,564,598,3.646400
401,163,56,96,137,0.997500
402,588,66,108,161,2.936900
403,361,49,35,75,1.967600
404,365,69,248,286,2.084600
405,390,57,59,111,2.105900
406,381,52,187,216,1.942900
407,1161,57,519,561,6.456200
408,1779,68,796,852,10.186300
409,494,59,405,460,2.478400
410,845,55,468,516,4.541900
411,544,52,22,63,2.812400
412,56,42,5,28,0.285800
413,336,45,58,109,1.963100
414,235,41,217,234,1.216600
415,378,51,2,52,1.921900
416,1176,52,1060,1106,6.124500
417,655,59,432,466,3.332000
418,112,47,55,88,0.673900
419,786,78,245,301,3.983200
420,184,40,13,54,0.971000
421,189,48,73,115,1.390700
422,463,46,100,141,2.442900
423,246,43,187,230,1.315000
424,454,46,415,452,2.276400
425,153,41,4,50,0.818200
426,622,59,559,613,3.339700
427,1097,54,895,935,6.177300
428,941,64,172,219,4.878500
429,141,48,36,84,0.789600
430,141,44,17,72,0.695400
431,661,57,251,294,4.458300
432,417,73,263,306,2.427200
433,494,73,228,272,2.904500
434,427,50,161,192,2.249300
435,449,62,240,295,2.362900
436,427,74,132,171,2.189000
437,493,58,148,195,2.622000
438,353,60,204,254,2.051100
439,252,58,70,122,1.495500
440,401,59,281,330,2.059000
441,2144,82,2089,2136,13.143200
442,567,65,403,453,2.884000
443,284,59,79,130,1.634000
444,468,75,337,382,2.349000
445,257,56,145,190,1.363500
446,486,58,99,147,2.714400
447,575,57,174,219,3.084000
448,541,57,211,254,2.724600
449,90,36,18,49,0.503500
450,763,35,31,72,2.580000
451,87,40,17,48,0.486600
452,418,76,250,298,2.143000
453,2146,69,890,922,12.637000
454,833,66,633,683,4.258800
455,201,51,34,81,1.195500
456,345,61,85,131,1.888200
457,687,54,220,269,3.479800
458,635,80,306,368,3.252700
459,2175,79,726,769,12.797300
460,350,53,36,77,1.884500
461,264,45,7,41,1.389900
462,90,45,13,54,0.481900
463,1335,60,145,183,7.659100
464,488,46,128,180,2.502400
465,853,65,467,523,4.211900
466,347,51,161,213,1.969200
467,490,57,94,144,2.574600
468,652,53,396,448,3.300800
469,1501,65,1372,1424,8.364300
470,429,62,321,380,2.280800
471,140,43,42,94,0.811800
472,376,45,334,376,2.081700
473,376,39,92,144,1.936300
474,1788,63,872,930,10.545600
475,633,54,129,172,3.313800
476,651,47,597,644,3.346000
477,739,66,284,346,4.112600
478,710,67,123,163,3.820000
479,141,46,2,50,0.757400
480,282,58,115,153,1.443600
481,428,48,183,235,2.158100
482,883,71,447,494,4.404200
483,846,64,526,577,4.295800
484,197,84,65,117,1.206800
485,314,56,153,202,1.727900
486,1091,64,865,914,5.507600
487,43,34,5,21,0.248700
488,816,50,702,759,4.287800
489,789,50,675,732,3.991100
490,772,51,544,595,4.226200
491,1315,55,422,465,7.369400
492,1396,55,301,352,7.461500
493,1070,68,994,1039,6.155700
494,963,80,834,880,5.131200
495,353,52,216,265,1.974400
496,182,52,25,87,0.969200
497,675,49,36,71,3.559000
498,557,47,17,53,2.985800
499,524,49,164,203,2.574600
500,279,52,242,279,1.440000
501,302,58,166,213,1.612300
502,1333,65,32,82,7.978800
503,114,45,26,59,0.634900
504,647,63,414,466,3.336000
505,1412,74,406,445,7.625400
506,844,50,807,843,4.376600
507,152,43,54,106,0.903200
508,178,41,135,163,0.944700
509,186,53,139,180,1.382300
510,179,44,95,135,0.885900
511,1095,74,503,545,5.597600
512,168,45,6,53,0.891500
513,604,67,96,124,3.394500
514,2554,65,2019,2063,15.028200
515,2415,56,609,650,14.139100
516,463,78,48,97,2.436600
517,542,57,128,178,2.948600
518,1265,59,340,388,6.653300
519,392,56,87,131,1.981400
520,1041,50,112,166,5.639500
521,700,58,274,312,3.770500
522,739,52,338,390,4.211400
523,363,54,161,219,2.258100
524,2038,71,1775,1818,12.723700
525,337,60,122,170,1.608900
526,1046,69,204,253,5.490700
527,599,72,253,302,3.248200
528,184,44,135,181,0.994500
529,184,48,46,108,0.990000
530,887,72,348,400,4.716200
531,510,68,7,59,2.890200
532,920,62,436,482,4.714300
533,491,52,282,327,2.604700
534,63,43,2,48,0.360100
535,500,54,24,71,2.616800
536,1639,58,713,760,9.467400
537,508,61,398,435,2.766600
538,999,65,472,528,5.442100
539,1447,68,1066,1110,8.130700
540,156,44,54,91,0.873600
541,333,49,257,312,1.740000
542,373,63,92,128,1.986500
543,364,46,101,154,1.975200
544,237,47,53,98,1.238000
545,869,62,204,243,4.695200
546,352,38,305,350,1.881300
547,427,69,57,91,2.208100
548,730,73,257,302,3.989400
549,543,62,106,138,2.966700
550,746,62,580,613,3.763000
551,354,46,289,336,2.499200
552,805,93,508,557,4.349300
553,52,40,9,52,0.294400
554,556,62,35,77,2.925900
555,782,50,739,777,4.879900
556,1462,58,65,122,8.120200
557,2029,53,1355,1373,12.486400
558,376,49,71,114,1.954200
559,215,52,158,209,1.218200
560,354,44,53,90,1.839200
561,583,68,139,193,3.001900
562,483,58,120,169,2.455100
563,448,65,281,335,2.318800
564,272,47,43,93,1.596000
565,975,52,38,92,5.416300
566,452,52,201,244,2.910100
567,506,49,326,381,2.717200
568,576,52,333,370,3.114200
569,1199,62,971,1017,6.304700
570,1355,62,1127,1173,7.396000
571,131,44,61,90,0.787100
572,182,50,60,101,0.926100
573,643,62,592,642,3.228100
574,702,53,2,43,3.809900
575,260,38,198,245,1.558200
576,985,67,766,817,5.010400
577,571,55,387,435,3.055900
578,498,56,328,381,2.468500
579,264,46,40,83,1.400600
580,924,46,43,77,4.567900
581,128,35,31,72,0.694900
582,452,52,332,374,2.608700
583,666,53,436,486,3.493100
584,1325,60,151,192,7.340100
585,544,49,100,135,2.800000
586,1404,56,652,705,7.574800
587,1208,67,844,893,6.181400
588,950,67,844,893,4.694600
589,1590,69,1266,1321,8.469000
590,625,52,87,139,3.238800
591,289,61,50,96,1.549300
592,514,60,418,459,2.756200
593,222,62,33,80,1.290300
594,579,55,114,158,3.143700
595,923,60,625,668,4.463200
596,510,62,50,107,2.832900
597,504,61,427,477,2.923100
598,497,60,89,148,2.641700
599,152,63,24,71,0.819700
600,3413,80,1757,1816,21.900600
601,199,45,101,138,1.018000
602,1286,64,427,478,7.035200
603,581,57,252,303,2.949800
604,843,64,775,821,4.296200
605,312,54,172,215,1.591700
606,117,47,21,62,0.611000
607,446,46,84,132,2.838500
608,572,56,429,468,3.127800
609,174,32,93,130,0.925300
610,96,42,3,46,0.572300
611,378,57,286,333,2.268000
612,264,64,58,95,1.370500
613,401,49,83,124,2.149200
614,719,60,10,66,3.659000
615,1275,58,1062,1110,6.425400
616,354,62,56,99,2.168700
617,397,61,366,394,2.071000
618,1397,61,869,919,8.395300
619,317,52,37,83,1.816800
620,436,53,172,203,2.474100
621,647,51,234,265,3.104000
622,327,83,202,242,1.909600
623,1129,51,475,523,5.846600
624,829,71,393,440,4.195600
625,508,53,40,93,2.894700
626,1250,67,508,551,6.609800
627,353,68,114,161,1.918900
628,510,45,5,37,2.563300
629,313,58,70,115,1.692000
630,424,60,93,155,2.369900
631,1302,73,374,434,6.888700
632,135,44,19,61,0.749700
633,140,49,79,126,0.862000
634,355,55,132,172,1.909200
635,379,47,153,206,2.043000
636,355,49,289,337,1.789100
637,385,56,175,226,1.940700
638,510,55,222,268,2.724100
639,209,39,8,57,1.105700
640,530,58,178,225,2.661400
641,399,47,72,124,2.049300
642,369,59,60,112,1.881000
643,700,62,6,59,3.607400
644,1383,72,1112,1155,7.525700
645,479,53,207,252,2.486100
646,3726,73,30,70,23.111500
647,564,74,82,117,2.909300
648,634,57,418,465,3.133800
649,314,75,6,52,1.727700
650,1594,98,967,1017,8.640300
651,799,58,488,537,3.995000
652,474,75,3,51,2.245300
653,755,69,329,386,3.644600
654,57,39,5,46,0.321600
655,142,48,49,87,0.842600
656,297,51,37,80,1.707900
657,355,70,55,102,1.710100
658,954,78,297,338,4.976000
659,601,61,409,466,3.445200
660,1325,79,1141,1187,6.982500
661,324,51,3,52,1.858800
662,321,46,182,208,1.711600
663,194,47,129,177,1.018000
664,90,47,38,90,0.472200
665,1020,53,117,164,5.188300
666,416,67,265,307,2.132800
667,442,59,404,440,2.548400
668,249,58,29,78,1.301500
669,659,73,27,72,3.688600
670,723,68,247,291,3.985100
671,382,56,44,89,2.153500
672,542,76,117,163,2.972900
673,462,60,270,318,2.481600
674,691,61,299,355,3.776400
675,510,59,296,351,2.767000
676,896,57,38,83,4.565600
677,332,79,42,103,1.992700
678,990,53,484,533,5.328200
679,138,38,68,108,0.784200
680,111,46,63,104,0.567300
681,199,50,111,147,1.164200
682,549,74,220,272,3.023200
683,459,48,409,459,2.512900
684,1185,60,1031,1086,6.237300
685,475,53,95,152,2.296600
686,159,53,72,117,0.782400
687,83,45,33,76,0.435800
688,83,49,20,54,0.426600
689,297,45,172,220,1.620000
690,314,47,252,306,1.646500
691,353,45,168,207,1.731100
692,696,75,313,346,3.491300
693,805,64,468,515,4.812600
694,846,63,50,98,4.787400
695,309,48,263,296,1.797900
696,370,64,129,175,2.091800
697,425,60,389,418,2.379800
698,126,40,69,109,0.706200
699,568,78,28,76,2.896300
700,392,58,47,91,1.946900
701,107,56,21,70,0.565100
702,1504,61,698,750,8.287000
703,276,41,7,53,1.541200
704,396,48,297,339,2.056900
705,106,55,10,58,0.564800
706,1293,64,1179,1219,6.962600
707,227,52,144,192,1.449500
708,267,42,143,189,1.426400
709,696,61,257,305,3.684900
710,606,77,388,418,2.987200
711,151,52,115,140,0.746700
712,457,52,5,41,2.308500
713,606,58,355,410,2.948600
714,1026,67,175,216,5.365500
715,180,53,66,111,0.902300
716,494,45,448,491,2.355100
717,519,49,419,475,2.558800
718,1137,50,1087,1132,5.790300
719,547,56,498,547,2.611100
720,1368,76,1087,1142,7.002200
721,220,43,24,58,1.298400
722,1638,60,320,355,8.951800
723,1318,71,542,585,7.409700
724,349,50,279,325,1.813300
725,1067,62,500,543,5.822100
726,401,62,256,303,2.240100
727,1533,85,220,269,8.322100
728,2515,65,919,967,14.705800
729,126,35,41,89,0.870600
730,147,45,55,103,0.755100
731,464,55,21,75,2.717600
732,470,54,268,307,2.391200
733,765,59,572,616,4.205100
734,1002,70,227,271,5.055400
735,1269,75,892,938,6.568400
736,390,66,81,127,2.140500
737,1488,64,1150,1202,8.023700
738,172,78,5,54,0.890700
739,338,64,36,73,2.122300
740,340,44,75,122,1.700100
741,1596,61,5,35,8.719500
742,376,88,279,329,1.896300
743,687,57,64,110,3.485200
744,455,48,309,353,2.302400
745,1594,68,783,827,9.138800
746,877,59,760,805,4.715300
747,362,55,276,337,1.924600
748,122,53,56,98,0.682200
749,188,48,31,73,0.982100
750,159,57,42,69,0.761600
751,679,64,306,354,3.533300
752,594,70,537,581,3.329600
753,1054,74,547,598,5.588500
754,3005,69,667,713,18.439500
755,834,66,442,499,4.195100
756,617,60,43,85,3.165600
757,352,53,133,184,1.786100
758,1004,62,327,377,5.426600
759,296,49,190,237,1.568400
760,1714,63,1191,1242,10.004300
761,532,72,398,443,2.859200
762,315,45,220,256,1.814900
763,248,41,59,92,1.275800
764,248,48,190,242,1.334700
765,845,77,727,767,4.757300
766,406,65,226,271,2.157000
767,754,60,285,328,3.701800
768,590,69,526,583,2.970000
769,247,39,154,194,1.395700
770,141,48,37,78,0.708000
771,1703,79,229,280,10.278500
772,469,53,111,152,2.616000
773,466,73,182,232,2.533700
774,1678,50,501,538,9.845300
775,442,64,364,413,2.274200
776,516,63,323,376,2.648400
777,490,61,109,159,2.536400
778,518,60,91,128,2.494700
779,475,75,150,204,2.554200
780,346,48,241,273,1.759200
781,641,53,101,150,3.469600
782,656,53,2,54,3.184200
783,686,52,455,503,3.613000
784,2838,62,2557,2598,19.239200
785,440,59,138,183,2.423100
786,972,72,36,72,4.908000
787,1101,57,608,656,5.568900
788,1679,63,862,912,9.579200
789,504,65,393,445,2.810800
790,519,71,13,63,2.627000
791,970,61,122,169,5.350900
792,267,48,5,39,1.452900
793,782,67,429,478,4.050200
794,601,65,105,151,3.188700
795,498,59,373,411,2.517200
796,487,63,160,206,2.371600
797,490,49,329,372,2.517200
798,934,57,342,386,5.129900
799,508,93,364,415,2.835600
800,372,53,75,119,1.895000
801,271,48,90,117,1.459300
802,322,57,25,77,1.984900
803,451,67,93,139,2.377400
804,252,41,148,187,1.335800
805,368,47,12,47,1.792400
806,418,56,266,312,2.278600
807,405,51,7,49,2.289000
808,213,49,21,71,1.222400
809,700,50,333,380,4.253800
810,714,64,199,245,3.494500
811,2248,73,1758,1796,13.869600
812,372,59,287,326,2.142000
813,1027,83,448,500,5.549600
814,512,46,453,511,2.473800
815,506,54,418,473,2.531400
816,1026,71,774,825,5.439600
817,5147,62,141,189,31.221700
818,878,67,179,220,4.460300
819,873,68,793,825,4.371400
820,1061,62,53,92,6.094900
821,253,58,26,67,1.272900
822,256,50,142,188,1.367000
823,227,47,120,165,1.302300
824,151,58,82,129,0.822100
825,917,49,635,663,4.590400
826,552,48,260,303,3.075800
827,879,52,814,846,4.325300
828,640,64,111,150,3.620200
829,1354,61,1144,1193,7.320100
830,2131,56,1467,1503,12.342500
831,182,57,26,68,0.939300
832,986,58,151,194,4.886900
833,1601,72,1003,1056,8.673700
834,1301,62,1080,1128,6.846900
835,994,50,832,890,5.091400
836,1990,57,1922,1961,12.049300
837,591,44,338,369,3.033100
838,269,53,53,92,1.319900
839,92,45,5,36,0.576900
840,64,52,5,39,0.329600
841,203,52,58,97,1.023600
842,499,53,14,64,2.556000
843,264,49,69,115,1.487800
844,129,48,83,123,0.709100
845,212,56,163,209,1.076300
846,140,54,48,88,0.703100
847,140,41,44,86,0.718800
848,142,45,38,93,0.718400
849,172,41,68,110,1.074400
850,187,51,135,180,0.979100
851,4639,55,2698,2748,28.777500
852,70,36,17,66,0.464500
853,270,56,53,96,1.315200
854,156,42,116,153,0.902700
855,601,55,308,368,2.949200
856,308,54,29,81,1.828300
857,448,56,310,365,2.265400
858,547,71,342,388,2.839100
859,609,54,364,419,3.759300
860,1589,64,105,150,8.814400
861,1365,73,84,142,7.726400
862,112,56,21,70,0.677700
863,146,62,82,133,0.762400
864,57,36,2,31,0.296400
865,234,44,81,126,1.515200
866,235,49,47,92,1.144700
867,408,56,111,152,2.073600
868,376,54,263,303,1.936200
869,661,48,162,201,3.218100
870,174,42,54,98,0.939500
871,376,55,260,308,1.815600
872,539,64,66,115,2.568200
873,669,63,382,431,3.469000
874,784,68,308,355,4.110000
875,548,65,385,425,2.850100
876,353,53,169,216,1.733600
877,540,68,408,442,2.996100
878,192,53,15,68,1.112000
879,191,43,15,68,0.954200
880,303,72,216,270,1.906400
881,730,61,404,463,3.961600
882,390,59,127,168,2.386300
883,539,73,60,105,2.661500
884,1106,66,239,281,5.965900
885,394,49,186,234,1.930100
886,393,46,41,82,2.138500
887,384,56,40,82,2.003900
888,180,46,83,124,1.013400
889,175,46,79,131,0.863900
890,261,47,144,181,1.325800
891,249,52,4,46,1.379800
892,310,53,103,149,1.589000
893,550,62,345,388,2.868200
894,716,73,9,46,3.629300
895,149,56,8,51,0.773500
896,177,46,59,89,0.894700
897,152,53,80,133,0.835700
898,218,44,9,64,1.133300
899,341,53,309,340,1.877600
900,312,51,92,129,1.723400
901,481,47,104,158,2.473800
902,511,54,212,262,2.585200
903,384,56,26,68,2.363000
904,277,46,240,276,1.540700
905,70,44,9,49,0.408400
906,455,65,207,249,2.581400
907,760,53,10,41,4.060900
908,361,49,275,327,2.232800
909,457,53,95,150,2.609100
910,262,53,158,204,1.496100
911,262,57,188,235,1.456800
912,280,49,32,77,1.380000
913,86,33,3,29,0.512000
914,813,60,175,226,4.080700
915,891,63,169,211,5.051700
916,549,63,169,211,2.762400
917,1379,79,1204,1256,7.014600
918,295,68,93,162,1.622100
919,190,66,139,184,1.079800
920,597,68,223,270,3.131600
921,174,42,126,174,0.979100
922,1406,52,966,1014,7.958900
923,1259,57,276,319,6.521800
924,917,49,125,172,4.658400
925,216,67,101,145,1.135400
926,964,58,483,525,4.906600
927,862,75,52,100,4.377000
928,148,36,53,101,0.900000
929,666,51,21,67,4.070800
930,224,50,61,104,1.325100
931,399,57,57,99,1.978200
932,376,56,259,311,3.113000
933,398,54,320,362,2.514900
934,376,46,94,138,2.396400
935,635,57,123,168,4.099400
936,578,67,467,505,4.293100
937,184,48,10,58,0.999600
938,271,46,28,74,1.860300
939,379,51,291,330,2.268800
940,745,50,386,429,4.525600
941,508,59,155,196,3.095900
942,1066,62,986,1041,6.499500
943,784,57,415,448,4.436900
944,921,60,854,893,5.278500
945,107,40,33,80,0.597400
946,154,41,21,66,0.798600
947,155,42,58,105,1.142000
948,155,48,57,105,0.773800
949,436,84,229,283,2.652900
950,192,58,88,138,1.065100
951,130,49,57,101,0.899700
952,140,41,74,106,0.708100
953,108,42,17,70,0.634800
954,1163,68,1100,1156,6.558400
955,170,52,71,120,0.888100
956,622,60,543,589,3.650300
957,327,57,166,213,1.927100
958,330,56,103,155,1.693400
959,192,53,15,68,1.064200
960,201,49,171,197,1.009200
961,117,53,2,49,0.626300
962,812,56,498,544,4.205200
963,393,56,29,78,2.088200
964,193,54,70,119,1.067300
965,324,47,68,116,1.762200
966,259,56,23,67,1.277500
967,439,54,110,158,2.536300
968,614,55,385,432,3.407500
969,276,49,159,207,1.527800
970,213,50,39,97,1.190500
971,544,48,279,318,2.624200
972,326,58,63,113,1.713700
973,1091,61,979,1031,5.884400
974,294,50,194,235,1.774000
975,356,46,137,182,2.120800
976,168,44,24,60,0.969800
977,395,66,351,394,2.022600
978,452,52,394,444,2.648900
979,421,65,230,271,2.163200
980,385,70,328,368,2.274300
981,312,50,123,178,2.124000
982,1124,60,595,655,6.036700
983,1398,66,262,315,8.352200
984,147,50,67,121,0.890700
985,359,49,34,77,1.892600
986,148,56,54,106,0.859500
987,596,57,443,491,2.955500
988,399,64,85,124,2.411500
989,518,62,393,443,2.667100
990,115,44,74,114,1.319400
991,908,85,654,704,4.937400
992,887,54,323,367,4.653000
993,832,80,343,391,4.244800
994,704,63,455,490,3.590300
995,606,53,389,431,3.234200
996,144,49,69,102,0.820000
997,704,64,30,79,3.631800
998,1073,72,82,122,5.671500
999,196,75,43,92,1.268100
1000,196,49,56,102,0.967700
1001,160,61,120,155,1.056400
1002,492,53,231,273,2.782400
1003,335,62,266,304,1.645800
1004,773,66,703,756,4.024600
1005,1039,79,31,90,5.673100
1006,512,53,134,181,2.442200
1007,190,44,140,179,0.933200
1008,299,45,160,206,1.517700
1009,718,71,405,456,3.802400
1010,2129,67,252,288,12.239700
1011,623,69,577,619,2.926800
1012,436,49,278,324,2.543900
1013,1351,84,482,526,9.082300
1014,2885,63,105,146,18.184400
1015,622,56,198,250,3.796800
1016,558,43,105,154,3.355900
1017,788,57,523,566,4.731100
1018,540,63,272,315,2.828500
1019,1264,70,1023,1066,6.435600
1020,522,48,106,151,2.612200
1021,653,62,343,402,3.188900
1022,576,56,361,405,2.879200
1023,232,56,28,82,1.134800
1024,199,52,50,94,1.093700
1025,153,51,113,152,0.856100
1026,366,52,102,142,2.343800
1027,106,42,17,61,0.651700
1028,252,51,123,161,1.705400
1029,331,42,2,58,2.387300
1030,507,53,66,121,2.857200
1031,376,45,334,376,2.274000
1032,667,48,72,128,4.181900
1033,92,41,27,80,0.471500
1034,269,51,234,264,1.600400
1035,210,57,100,145,1.401300
1036,148,43,15,62,0.897200
1037,150,44,21,54,0.754900
1038,154,44,129,154,0.966200
1039,175,39,18,61,1.025700
1040,143,34,67,104,0.738000
1041,693,61,547,606,3.494600
1042,609,58,149,194,3.282500
1043,752,51,415,466,3.913800
1044,518,66,53,92,3.135800
1045,166,45,3,52,0.971800
1046,249,62,115,150,1.320300
1047,147,37,53,102,0.744000
1048,1092,54,20,71,5.785900
1049,419,53,332,384,2.341500
1050,583,58,381,432,3.544900
1051,254,52,87,128,1.248800
1052,1034,59,645,692,5.481400
1053,415,65,256,312,2.310700
1054,337,44,171,223,1.669700
1055,562,55,464,506,2.867700
1056,357,51,224,266,1.816500
1057,256,39,193,220,1.585700
1058,496,46,11,52,2.510800
1059,226,42,25,67,1.246600
1060,146,39,100,142,0.718200
1061,1320,60,869,914,7.211000
1062,400,52,51,98,1.960100
1063,709,67,46,93,3.767600
1064,396,67,233,282,2.213900
1065,1126,57,32,82,5.855400
1066,2778,68,25,79,16.718400
1067,120,47,43,91,0.766900
1068,268,46,36,85,1.737300
1069,166,49,33,81,0.824000
1070,195,51,171,195,0.999800
1071,697,71,497,544,3.630800
1072,447,54,213,261,2.516100
1073,384,48,254,298,1.845400
1074,245,48,47,85,1.556100
1075,120,43,65,105,0.705600
1076,409,65,75,108,1.932000
1077,575,48,269,328,3.061900
1078,408,50,119,162,1.969500
1079,394,59,4,55,1.910600
1080,383,67,7,52,2.410000
1081,389,53,314,370,2.150800
1082,378,62,6,54,2.066500
1083,391,48,127,167,1.894100
1084,372,54,100,141,2.317500
1085,381,46,143,191,2.218500
1086,381,56,84,128,1.863500
1087,371,45,276,311,2.123300
1088,369,43,204,248,1.792500
1089,414,47,135,184,2.490700
1090,395,48,95,145,2.103800
1091,390,45,85,124,2.397100
1092,182,50,83,124,0.924800
1093,100,36,53,96,0.662500
1094,153,58,6,50,0.782600
1095,79,50,24,63,0.526200
1096,446,45,43,98,2.567400
1097,149,55,48,99,0.850700
1098,139,48,66,113,0.714600
1099,54,35,8,53,0.300800
1100,494,59,405,460,2.544600
1101,160,50,63,97,0.866700
1102,377,49,30,77,1.967600
1103,397,50,39,100,2.094400
1104,397,59,39,95,2.206100
1105,402,54,150,206,1.984100
1106,379,54,157,216,1.946000
1107,398,57,163,211,2.637800
1108,378,57,205,247,2.006000
1109,379,49,207,249,1.953600
1110,384,51,148,192,2.203700
1111,376,50,153,199,2.153200
1112,403,67,10,64,2.227600
1113,381,46,168,220,1.894700
1114,385,56,144,190,1.931100
1115,412,48,173,206,2.120000
1116,397,49,124,165,2.014200
1117,261,46,133,178,1.345600
1118,187,43,157,186,0.977400
1119,1013,62,908,947,5.299400
1120,92,36,35,74,0.489100
1121,71,65,26,56,0.425500
1122,42,27,19,42,0.238700
1123,45,43,6,43,0.248900
1124,503,62,442,492,2.436100
1125,521,66,410,467,2.585600
1126,538,54,424,483,2.952500
1127,207,61,68,109,1.170300
1128,155,41,8,48,0.836000
1129,164,37,106,154,0.877600
1130,642,49,605,641,3.774300
1131,417,46,176,214,2.095700
1132,406,51,321,368,2.139400
1133,410,51,359,400,2.296500
1134,393,46,175,224,2.240800
1135,385,61,150,194,1.903200
1136,425,53,244,289,2.173300
1137,570,50,424,468,3.287900
1138,791,56,494,533,4.056700
1139,346,45,56,90,1.951400
1140,671,64,28,67,3.293300
1141,356,45,223,279,1.876200
1142,501,63,365,409,2.648500
1143,828,70,564,613,4.187300
1144,566,48,232,282,2.820400
1145,393,56,252,300,1.898100
1146,532,46,464,511,2.553800
1147,488,49,312,359,2.323800
1148,374,58,11,49,1.959500
1149,456,56,150,195,2.351600
1150,406,52,94,138,2.111400
1151,419,65,271,320,2.031000
1152,451,57,352,394,2.304900
1153,469,56,2,39,2.570600
1154,571,66,301,342,2.753000
1155,448,61,85,123,2.165800
1156,523,50,104,148,2.825500
1157,604,53,443,489,3.195800
1158,46,26,18,41,0.258900
1159,389,60,119,147,2.221900
1160,376,45,334,376,1.931600
1161,140,54,48,86,0.762100
1162,108,34,26,58,0.654200
1163,103,58,2,36,0.521200
1164,124,40,2,25,0.627700
1165,386,55,333,368,1.928300
1166,387,56,28,51,1.867900
1167,53,34,33,52,0.274000
1168,272,51,130,168,1.335100
1169,2061,70,574,621,11.974400
1170,2072,75,424,472,12.143100
1171,413,54,286,335,2.173300
1172,486,62,352,407,2.543300
1173,252,40,197,246,1.425000
1174,1851,58,1734,1778,10.930600
1175,382,43,157,204,2.253100
1176,1374,62,728,772,7.727900
1177,161,52,29,81,0.863400
1178,743,56,2,30,3.728800
1179,1036,73,700,743,5.318800
1180,976,62,436,494,4.967600
1181,1642,50,692,733,9.544800
1182,339,45,284,339,1.770100
1183,940,60,652,712,5.142300
1184,1013,60,918,960,5.188800
1185,739,56,15,53,3.681400
1186,407,52,323,375,2.315800
1187,347,48,37,82,1.752200
1188,596,57,261,305,2.843100
1189,751,70,697,745,4.245500
1190,217,51,112,157,1.255300
1191,262,40,57,93,1.357900
1192,321,52,84,132,1.788800
1193,280,58,34,83,1.471000
1194,372,49,241,291,1.998500
1195,2224,73,1957,2002,13.641600
1196,667,63,59,121,3.370800
1197,2616,64,1548,1593,15.628100
1198,1984,72,1836,1887,11.701400
1199,530,51,372,418,2.899100
1200,3712,65,521,567,23.364200
1201,1302,64,730,787,6.929800
1202,217,47,97,135,1.252300
1203,297,75,35,88,1.333900
1204,1302,53,1054,1098,7.204500
1205,444,53,165,211,2.190800
1206,2291,58,2100,2144,14.910400
1207,224,50,43,93,1.124900
1208,195,58,140,182,0.968100
1209,205,51,102,143,1.284900
1210,173,43,128,172,0.996800
1211,234,49,22,71,1.196700
1212,727,79,264,307,3.814100
1213,1211,69,909,951,6.764600
1214,690,54,48,100,3.687600
1215,606,62,102,135,3.436000
1216,493,45,352,386,2.394700
1217,63,45,7,36,0.323100
1218,74,48,2,39,0.348200
1219,55,48,7,50,0.298800
1220,72,53,6,57,0.345000
1221,682,59,33,77,3.507200
1222,569,52,363,413,2.802800
1223,732,72,182,235,3.569000
1224,1253,56,933,976,7.175000
1225,1174,70,1111,1148,5.761600
1226,1077,79,707,755,5.263700
1227,365,70,272,320,2.124500
1228,456,64,55,89,2.759900
1229,144,86,70,117,0.803600
1230,449,74,235,294,2.426400
1231,1156,62,920,957,6.026100
1232,403,49,347,388,2.157100
1233,798,55,366,419,4.634300
1234,864,61,325,372,4.753000
1235,471,68,370,420,2.703400
1236,471,49,232,272,2.703800
1237,500,55,92,144,2.624500
1238,426,49,180,219,2.227700
1239,768,51,73,122,3.745800
1240,1088,60,171,211,5.308700
1241,151,44,2,27,0.767200
1242,515,72,259,303,2.464800
1243,621,57,39,93,3.116600
1244,991,59,636,696,5.513000
1245,1200,67,689,722,6.239200
1246,249,55,151,205,1.196000
1247,700,84,81,132,3.878800
1248,1693,70,1069,1118,9.543400
1249,309,58,49,97,1.687900
1250,681,55,67,113,3.359400
1251,1477,66,751,791,8.310900
1252,464,56,275,322,2.204400
1253,1029,54,802,858,5.168600
1254,429,71,94,153,2.345400
1255,808,56,111,158,4.209700
1256,766,67,74,128,3.902700
1257,787,80,430,479,3.750600
1258,399,54,182,224,2.037900
1259,723,59,523,560,3.836000
1260,302,58,166,213,1.778800
1261,501,57,156,197,2.936200
1262,847,52,743,797,4.352300
1263,112,40,49,98,0.589800
1264,505,40,108,150,2.728000
1265,199,55,86,129,0.969900
1266,577,60,428,471,2.770300
1267,461,50,415,461,2.314300
1268,408,52,26,74,2.135700
1269,119,40,76,98,0.602000
1270,246,60,193,236,1.430200
1271,184,55,63,118,0.917800
1272,111,53,20,71,0.672900
1273,676,44,434,479,4.002400
1274,537,54,406,447,2.694800
1275,798,49,139,181,4.073300
1276,597,55,569,597,3.112500
1277,729,60,130,173,3.978600
1278,1427,65,1256,1307,7.765000
1279,1163,52,628,673,6.225300
1280,521,49,179,231,2.648000
1281,97,47,8,55,0.529800
1282,211,45,165,208,1.118300
1283,764,55,252,298,4.672000
1284,344,53,213,254,1.884800
1285,581,64,281,324,3.331100
1286,140,54,48,86,0.777200
1287,496,57,361,394,2.389900
1288,267,48,115,160,1.342900
1289,958,67,136,183,4.688600
1290,1457,68,753,792,7.848700
1291,1052,52,352,397,5.446100
1292,1548,62,246,293,8.626400
1293,450,45,33,83,2.336800
1294,818,57,111,145,4.331600
1295,690,61,200,257,3.386400
1296,81,36,40,81,0.460800
1297,1331,73,1085,1131,6.980300
1298,155,46,19,70,0.792500
1299,834,63,593,634,3.931000
1300,2016,64,1927,1973,12.316800
1301,1039,63,469,517,5.524200
1302,674,71,314,359,3.381400
1303,533,53,39,83,2.541000
1304,721,54,269,314,3.710500
1305,1454,58,1352,1423,7.965900
1306,160,44,64,107,1.003900
1307,1854,72,309,344,11.364400
1308,709,61,504,555,3.474900
1309,1372,76,231,273,7.193200
1310,615,57,464,517,3.022900
1311,828,64,326,384,4.172600
1312,429,52,273,317,2.265300
1313,141,40,116,141,0.709300
1314,135,64,47,97,0.687200
1315,999,61,20,72,5.005200
1316,217,57,93,133,1.112800
1317,631,55,357,409,3.400700
1318,1178,79,559,607,5.743200
1319,1011,53,289,333,5.030800
1320,1035,51,530,574,5.265900
1321,66,40,10,57,0.367400
1322,292,46,54,95,1.569600
1323,738,59,452,485,3.696700
1324,888,61,629,677,4.616300
1325,452,49,165,211,2.187000
1326,674,59,127,171,3.628600
1327,905,65,664,698,4.490900
1328,1256,49,45,96,6.391800
1329,1038,60,911,958,5.332900
1330,213,47,22,57,1.060400
1331,213,47,122,148,1.073900
1332,309,49,192,242,1.523200
1333,323,47,5,61,1.759200
1334,180,67,78,137,0.895700
1335,262,57,195,242,1.279600
1336,961,52,455,483,5.534200
1337,398,52,106,149,2.087200
1338,410,74,135,180,2.011500
1339,626,68,57,103,3.051700
1340,89,39,59,77,0.491600
1341,915,52,257,302,4.501400
1342,1022,60,226,273,5.765300
1343,1059,65,447,494,5.176900
1344,334,50,32,77,1.681000
1345,578,49,142,193,2.789600
1346,370,49,303,340,1.972500
1347,401,60,191,240,1.931800
1348,601,60,307,348,2.974200
1349,723,65,101,150,3.569900
1350,939,53,431,478,4.543700
1351,761,57,490,534,4.355200
1352,74,30,41,74,0.398400
1353,76,54,10,66,0.421200
1354,226,51,132,174,1.173700
1355,325,55,12,56,1.649700
1356,1507,75,1362,1406,7.875200
1357,618,59,202,247,3.177500
1358,460,46,337,389,2.371900
1359,904,72,223,275,4.463600
1360,249,53,29,82,1.506300
1361,639,54,333,376,3.321000
1362,576,70,170,222,3.228500
1363,679,47,475,523,3.241300
1364,228,44,14,60,1.185200
1365,208,46,23,55,1.032300
1366,190,47,115,165,0.957400
1367,880,79,264,307,4.310500
1368,228,55,196,224,1.089200
1369,475,55,89,126,2.460900
1370,898,49,742,786,4.565700
1371,850,67,659,706,4.275500
1372,1262,90,414,454,6.460900
1373,170,53,71,120,0.859800
1374,596,59,401,447,3.279300
1375,354,59,8,52,1.982100
1376,663,58,174,224,3.222900
1377,1146,52,272,322,5.637900
1378,717,58,76,123,3.778100
1379,178,51,141,178,0.988400
1380,544,69,148,195,2.890300
1381,645,76,593,634,3.142600
1382,644,62,485,539,3.354900
1383,2516,65,221,267,14.886700
1384,389,50,124,157,2.314200
1385,665,65,199,252,3.153900
1386,3503,62,3275,3317,23.951800
1387,88,35,58,88,0.490000
1388,1507,53,71,122,8.623500
1389,438,53,199,238,2.313000
1390,498,49,67,106,2.675800
1391,774,54,247,287,4.145900
1392,733,52,5,55,3.601200
1393,1002,65,69,111,5.280800
1394,438,58,107,160,2.210800
1395,445,52,129,162,2.780400
1396,449,41,102,129,2.251700
1397,131,49,28,63,0.777800
1398,899,56,845,886,4.530000
1399,724,68,153,224,3.785300
1400,396,50,26,72,1.911100
1401,1221,61,1027,1080,6.413600
1402,104,43,10,52,0.573200
1403,425,62,1,39,2.186700
1404,412,50,102,144,2.244700
1405,686,59,46,89,3.756500
1406,1027,60,765,808,6.128400
1407,769,79,663,707,4.337700
1408,359,51,37,87,1.835500
1409,701,49,650,686,3.760200
1410,52,39,38,50,0.304100
1411,495,55,343,390,2.883400
1412,106,45,59,100,0.587600
1413,997,55,950,991,5.069500
1414,537,63,153,202,2.714600
1415,972,76,111,156,5.539800
1416,479,57,99,142,2.524200
1417,23,20,4,12,0.144700
1418,209,38,147,178,1.088100
1419,1108,59,32,84,5.498300
1420,1043,71,875,929,5.553500
1421,845,49,306,355,4.454200
1422,65,38,16,57,0.365800
1423,1096,69,775,822,5.799300
1424,685,61,352,394,4.189700
1425,197,53,116,172,1.067500
1426,603,57,131,174,3.790900
1427,5127,63,3581,3620,32.986400
1428,467,62,141,186,2.288200
1429,219,52,14,51,1.106400
1430,1331,73,210,267,7.029900
1431,512,56,63,112,2.431000
1432,382,70,81,127,1.849900
1433,449,59,307,353,2.193100
1434,219,54,141,182,1.089800
1435,393,51,235,279,1.836500
1436,1025,65,695,744,5.400700
1437,291,48,68,117,1.616600
1438,732,55,399,446,3.946800
1439,447,47,409,447,2.380800
1440,416,66,5,48,2.553600
1441,539,56,329,361,2.755200
1442,635,56,306,351,4.014900
1443,726,66,612,665,3.705000
1444,793,56,600,642,3.881000
1445,138,53,20,63,0.754400
1446,430,55,63,116,2.295900
1447,911,78,379,426,4.771900
1448,1556,61,189,237,10.213600
1449,124,43,88,124,0.668400
1450,1177,52,295,340,8.811500
1451,1293,66,250,284,7.871800
1452,435,60,142,191,2.456200
1453,474,69,393,434,2.433900
1454,312,54,77,135,1.615500
1455,453,61,213,263,2.548200
1456,154,63,93,132,0.793800
1457,135,37,76,101,0.750500
1458,866,71,104,148,4.465600
1459,520,59,50,101,2.790000
1460,424,49,177,224,2.315200
1461,278,55,237,275,1.587300
1462,399,67,20,77,2.071200
1463,336,50,51,95,1.650700
1464,610,61,199,241,2.947100
1465,614,55,385,432,2.999200
1466,510,48,411,456,2.485700
1467,416,75,239,294,2.128700
1468,491,43,227,269,2.366500
1469,805,58,583,632,5.160700
1470,155,39,94,152,0.802300
1471,504,63,216,263,2.666400
1472,152,46,72,121,0.759900
1473,1566,66,1396,1436,8.193200
1474,1349,69,48,90,6.866800
1475,252,41,126,164,1.315600
1476,432,46,163,216,2.212800
1477,501,54,16,57,2.491800
1478,799,66,4,39,4.656600
1479,506,63,401,451,2.532000
1480,504,52,22,74,2.548900
1481,679,54,194,241,3.389200
1482,546,46,378,423,3.259400
1483,526,50,394,451,2.776100
1484,1145,63,461,508,5.802900
1485,226,47,171,215,1.098500
1486,303,45,155,194,1.651600
1487,570,62,270,322,2.927300
1488,224,44,91,129,1.095300
1489,400,55,326,379,1.963400
1490,167,45,7,49,0.869300
1491,553,64,446,500,2.692500
1492,1262,62,132,183,6.547400
1493,1840,73,1739,1783,10.572100
1494,1658,75,1015,1065,8.946300
1495,395,58,166,216,2.282700
1496,1256,67,659,700,6.572800
1497,536,62,71,118,2.575600
1498,182,61,86,133,0.960400
1499,897,52,402,453,4.487200
1500,485,64,289,333,2.558800
1501,163,50,54,98,0.821600
1502,460,52,389,442,2.319700
1503,489,66,409,447,2.348200
1504,108,47,34,66,0.549200
1505,234,55,64,109,1.282500
1506,962,89,50,106,5.083100
1507,178,47,32,78,0.924100
1508,150,41,10,57,0.827800
1509,186,41,108,155,0.976300
1510,276,50,52,103,1.440000
1511,590,73,520,565,3.064400
1512,625,62,22,63,3.118600
1513,1322,65,71,127,6.933300
1514,1449,54,1370,1405,7.499600
1515,2767,56,2546,2603,16.457800
1516,564,51,367,412,2.729600
1517,1641,75,235,276,8.986900
1518,1238,77,487,535,6.093000
1519,1033,68,636,678,5.277400
1520,186,54,114,156,1.139300
1521,1360,70,1105,1143,7.181000
1522,72,39,19,62,0.467900
1523,1188,52,46,98,6.061800
1524,543,49,97,126,2.743700
1525,710,68,483,524,3.715800
1526,276,55,203,250,1.426600
1527,722,66,458,496,4.141100
1528,1045,71,610,657,5.438300
1529,914,52,106,139,4.659800
1530,760,54,657,706,3.744900
1531,421,70,118,157,2.393800
1532,666,77,66,111,3.304700
1533,630,48,506,548,3.089300
1534,633,64,163,220,3.110600
1535,601,54,118,158,3.284400
1536,399,64,317,358,2.070200
1537,3218,62,6,62,20.279400
1538,190,53,29,68,0.932000
1539,1429,63,935,991,7.842600
1540,1525,66,1163,1213,8.239700
1541,645,63,383,450,3.135800
1542,377,51,260,296,1.936200
1543,379,46,299,329,1.901800
1544,181,50,94,133,0.950900
1545,650,60,24,69,4.061200
1546,504,67,280,328,2.478400
1547,323,52,117,161,1.688200
1548,730,49,500,553,3.770900
1549,160,53,130,159,0.824700
1550,540,47,262,321,2.581700
1551,446,69,40,95,2.280200
1552,517,57,296,342,2.473900
1553,193,43,145,191,1.114600
1554,476,76,21,71,2.293000
1555,226,53,128,184,1.107600
1556,387,52,203,245,2.088800
1557,330,70,215,254,1.684500
1558,1430,68,73,121,7.930000
1559,67,32,2,41,0.405800
1560,271,46,13,61,1.321600
1561,499,51,109,154,2.393300
1562,336,46,72,118,1.797400
1563,126,45,42,106,0.724000
1564,221,59,61,107,1.261600
1565,404,58,10,50,2.071200
1566,343,47,18,69,1.883900
1567,97,47,49,85,0.543600
1568,418,61,137,182,2.241900
1569,394,51,66,106,2.049900
1570,189,50,27,71,1.077900
1571,1297,76,760,800,6.517300
1572,174,41,6,37,0.998100
1573,241,55,12,57,1.169000
1574,175,43,4,62,0.881200
1575,232,54,161,209,1.168000
1576,369,50,310,349,1.765600
1577,166,57,9,57,0.843200
1578,117,50,68,100,0.587900
1579,564,55,142,195,2.669800
1580,223,57,129,171,1.146800
1581,316,50,219,272,1.702900
1582,630,52,579,623,3.058400
1583,326,55,64,116,1.624400
1584,384,54,87,138,1.880600
1585,784,59,86,130,4.537700
1586,391,61,195,236,2.015600
1587,254,50,10,53,1.236100
1588,197,47,139,172,1.005600
1589,335,49,184,214,1.779100
1590,164,44,65,98,0.949400
1591,388,54,266,315,2.328600
1592,423,48,13,41,2.060800
1593,358,52,33,76,1.885700
1594,380,45,37,86,1.888600
1595,389,64,106,157,1.876000
1596,354,53,276,319,1.907900
1597,205,54,116,160,1.014200
1598,305,70,195,251,1.632700
1599,433,60,17,64,2.087400
1600,921,58,696,731,4.496200
1601,729,59,380,437,3.937000
1602,1367,69,51,113,7.137900
1603,464,41,200,234,2.545800
1604,794,56,593,653,4.143300
1605,685,53,83,131,3.417100
1606,926,69,184,233,4.874800
1607,653,59,165,208,3.189100
1608,649,72,210,247,3.110700
1609,800,59,33,82,3.894000
1610,662,66,328,371,3.348700
1611,244,43,58,89,1.224400
1612,552,63,505,548,2.704800
1613,631,66,92,142,3.174700
1614,273,61,19,68,1.355300
1615,236,49,119,150,1.163800
1616,475,57,244,294,2.291700
1617,303,50,5,52,1.520200
1618,365,49,159,196,1.791900
1619,655,62,247,294,3.259800
1620,471,51,153,192,2.317500
1621,154,56,114,152,0.822000
1622,385,49,271,309,1.877900
1623,188,48,2,38,1.113300
1624,1486,72,833,884,8.096700
1625,1446,63,1044,1086,7.797000
1626,712,63,471,514,3.448500
1627,422,52,64,112,2.079700
1628,425,57,282,327,2.437200
1629,793,63,25,67,3.723600
1630,669,51,497,537,3.356400
1631,801,56,469,519,3.814600
1632,493,56,436,483,2.494200
1633,741,53,353,397,3.980100
1634,699,52,262,299,3.418200
1635,224,55,30,76,1.146500
1636,411,50,52,91,1.970800
1637,331,56,14,69,1.632200
1638,1574,71,201,252,9.028700
1639,787,63,169,211,3.761700
1640,130,47,57,101,0.653300
1641,521,66,410,467,2.517300
1642,127,38,40,80,0.656400
1643,631,49,112,157,3.173200
1644,1664,74,983,1034,8.787100
1645,205,39,88,132,1.005300
1646,809,56,665,710,4.166900
1647,1066,78,32,81,5.171400
1648,599,58,558,595,3.013900
1649,1851,68,484,530,11.079300
1650,155,47,52,99,0.883600
1651,107,43,72,100,0.558800
1652,562,54,285,321,2.714500
1653,948,53,163,206,4.725200
1654,182,44,59,98,1.028500
1655,482,58,192,238,2.369600
1656,2618,73,918,968,15.249900
1657,1883,70,129,173,10.447200
1658,101,41,52,75,0.580000
1659,108,55,4,39,0.546700
1660,1024,73,229,280,5.854600
1661,172,53,114,152,0.841800
1662,172,53,114,152,0.996100
1663,172,53,114,152,0.993900
1664,172,53,114,152,0.853900
1665,172,53,114,152,0.936700
1666,172,51,114,152,0.904100
1667,172,53,114,152,0.882500
1668,876,54,622,666,4.112400
1669,188,44,63,107,0.958700
1670,1001,81,800,856,5.207800
1671,927,67,46,91,4.712800
1672,333,57,17,63,1.709600
1673,1030,66,141,186,5.145100
1674,1234,76,1026,1080,6.022900
1675,520,60,46,92,2.553500
1676,793,66,66,123,3.791400
1677,841,49,61,110,4.058500
1678,2077,54,268,306,12.991000
1679,748,57,53,96,3.618000
1680,867,49,302,350,4.413800
1681,1068,64,143,194,5.236300
1682,372,47,249,301,2.135800
1683,810,58,96,143,4.494300
1684,1051,62,761,814,5.629900
1685,1214,66,560,595,6.056500
1686,1231,67,439,489,6.351200
1687,3241,74,883,925,19.726200
1688,1197,48,218,262,5.877700
1689,110,59,46,87,0.541700
1690,970,67,546,595,5.082400
1691,495,46,74,122,2.382500
1692,2898,66,1330,1372,17.363600
1693,975,69,171,220,5.066500
1694,998,56,658,700,5.270600
1695,670,48,302,339,3.479800
1696,599,58,210,257,2.989400
1697,610,59,144,192,3.023800
1698,1513,77,1260,1309,8.626100
1699,4723,65,1218,1257,31.111700
1700,101,53,27,70,0.535300
1701,202,61,70,116,1.072700
1702,514,55,382,422,2.892100
1703,148,53,31,64,0.776900
1704,200,38,79,125,1.140700
1705,1162,68,91,137,6.208600
1706,325,51,220,274,1.593800
1707,1235,63,219,260,6.400100
1708,377,62,77,127,1.893000
1709,606,57,354,398,2.975300
1710,1251,74,417,475,6.106600
1711,388,68,216,260,1.965900
1712,460,62,256,302,2.481300
1713,354,49,300,334,1.761900
1714,1375,67,1003,1050,7.043700
1715,883,52,676,719,4.630400
1716,758,74,2,48,3.956800
1717,657,66,352,410,3.349900
1718,990,65,694,749,4.822800
1719,3790,57,3185,3226,24.410100
1720,555,57,332,381,2.661200
1721,44,30,13,29,0.293900
1722,557,60,250,299,2.780700
1723,644,49,70,119,3.354700
1724,630,65,308,356,3.300200
1725,563,47,174,223,2.802900
1726,157,40,131,156,0.879900
1727,834,48,373,417,4.088200
1728,1193,64,1153,1193,6.367400
1729,1010,66,760,810,4.992000
1730,204,58,20,62,1.198500
1731,1192,70,1138,1186,5.754900
1732,1262,66,758,802,6.218100
1733,219,52,159,196,1.082200
1734,412,61,117,165,2.286800
1735,408,51,103,147,2.093600
1736,581,63,311,356,3.078200
1737,423,62,35,80,2.034400
1738,290,46,57,99,1.411200
1739,652,49,10,43,3.155700
1740,404,59,16,61,2.214100
1741,853,62,168,215,4.297600
1742,395,56,58,98,1.925500
1743,758,55,3,32,3.614700
1744,142,43,52,93,0.799600
1745,147,51,37,83,0.826700
1746,129,46,2,46,0.704400
1747,129,41,2,46,0.659800
1748,386,45,11,59,2.028200
1749,195,50,96,128,0.942200
1750,955,86,405,457,4.975700
1751,2716,86,459,510,17.255600
1752,611,57,8,57,3.016000
1753,1097,57,1050,1093,5.597600
1754,342,48,250,301,1.756600
1755,845,48,275,325,4.119100
1756,641,46,233,275,3.073200
1757,232,50,67,103,1.168400
1758,208,60,144,197,1.057000
1759,1420,70,99,152,7.053300
1760,397,51,210,255,2.007000
1761,141,45,11,53,0.705600
1762,1848,70,426,473,11.079100
1763,1483,61,229,271,7.906500
1764,134,45,3,38,0.761500
1765,307,53,15,55,1.511800
1766,410,50,255,304,2.107700
1767,390,56,98,136,1.928200
1768,172,51,101,136,0.933700
1769,515,53,23,80,2.435000
1770,2892,68,765,813,16.973600
1771,612,48,322,368,3.155400
1772,142,53,36,70,0.734900
1773,449,46,373,417,2.413400
1774,548,75,377,410,2.548100
1775,232,51,33,81,1.127300
1776,121,51,1,41,0.606800
1777,993,57,68,115,5.487500
1778,159,63,101,146,0.892700
1779,938,77,175,231,4.880000
1780,182,48,62,104,0.925000
1781,366,46,304,356,1.768200
1782,371,44,119,170,2.018200
1783,223,54,104,152,1.106400
1784,565,49,96,134,2.790000
1785,566,65,69,94,2.824700
1786,338,53,91,148,1.802100
1787,2090,62,1455,1505,12.293700
1788,183,52,133,171,0.919200
1789,1257,65,1095,1142,6.403500
1790,1465,73,931,978,7.384300
1791,275,47,63,102,1.446000
1792,1083,63,1031,1081,5.759700
1793,733,60,121,169,3.740400
1794,1440,75,765,809,7.158400
1795,288,52,151,203,1.621100
1796,341,50,255,308,1.746500
1797,525,50,104,145,2.720600
1798,312,58,204,263,1.643600
1799,911,48,256,286,4.722800
1800,911,49,256,286,4.587700
1801,662,68,586,631,3.317900
1802,2431,63,1376,1424,15.014800
1803,494,43,74,130,2.490300
1804,387,54,131,171,1.890200
1805,905,56,362,409,4.443200
1806,477,57,86,141,2.287200
1807,430,55,37,90,2.379600
1808,141,31,78,127,0.721700
1809,169,39,83,138,0.877500
1810,167,44,10,59,0.956700
1811,326,56,56,100,1.615700
1812,766,55,421,465,4.126700
1813,106,42,54,95,0.545300
1814,242,67,30,75,1.192100
1815,741,62,136,194,3.560200
1816,208,45,31,64,1.042200
1817,441,51,337,385,2.245500
1818,439,50,369,399,2.312500
1819,271,65,103,145,1.325300
1820,136,48,2,46,0.689100
1821,245,55,70,107,1.317300
1822,82,41,1,28,0.473900
1823,1789,84,78,120,10.405900
1824,1174,74,134,197,5.691000
1825,767,65,486,536,3.768900
1826,570,69,143,196,3.010900
1827,393,58,349,391,1.909100
1828,240,49,200,239,1.211400
1829,650,60,70,104,3.279100
1830,694,51,269,317,3.620000
1831,640,52,257,303,3.125800
1832,178,40,11,59,0.975400
1833,517,55,315,354,2.484300
1834,95,38,6,45,0.490000
1835,662,66,621,662,3.268900
1836,2779,74,343,385,16.376200
1837,647,75,200,242,3.145200
1838,1165,53,743,795,5.931300
1839,590,65,5,55,2.931700
1840,1818,80,698,745,10.441900
1841,249,52,195,248,1.258100
1842,740,46,548,601,3.595600
1843,581,65,478,521,2.814700
1844,479,49,93,150,2.453300
1845,1427,63,576,615,7.628700
1846,696,59,100,159,3.582600
1847,415,55,199,247,2.271900
1848,591,52,7,47,2.806600
1849,632,46,200,258,3.031200
1850,1478,55,317,359,8.423400
1851,558,52,159,205,2.903800
1852,322,43,207,248,1.582700
1853,520,47,224,272,2.529700
1854,435,52,15,60,2.117500
1855,1084,64,786,835,5.313700
1856,397,65,2,47,1.912300
1857,492,45,446,484,2.516200
1858,167,45,122,165,0.950500
1859,224,52,76,111,1.091500
1860,609,53,564,601,2.935400
1861,830,51,197,242,3.961700
1862,5560,78,2900,2953,35.102800
1863,314,52,25,69,1.518700
1864,1122,71,585,626,5.651300
1865,136,56,42,87,0.783000
1866,369,59,217,284,2.058700
1867,499,51,52,108,2.362700
1868,438,53,276,318,2.502800
1869,698,69,591,639,3.349400
1870,206,46,145,176,1.205300
1871,1384,72,1186,1232,6.904000
1872,1122,71,969,1009,5.484400
1873,131,38,69,120,0.678300
1874,58,39,9,37,0.353100
1875,283,64,71,113,1.396300
1876,369,53,12,53,1.817500
1877,445,46,383,439,2.156800
1878,376,50,30,63,1.823100
1879,477,48,18,66,2.512600
1880,533,51,55,102,2.753500
1881,120,52,52,105,0.609700
1882,516,51,210,250,2.809200
1883,152,44,73,127,0.828600
1884,684,53,366,420,3.627700
1885,411,56,191,229,2.347300
1886,434,65,299,349,2.133200
1887,1040,60,694,731,6.004300
1888,602,53,337,385,2.992800
1889,498,55,467,493,2.409600
1890,299,53,18,60,1.561900
1891,629,57,320,365,3.036000
1892,226,54,180,224,1.232800
1893,444,57,344,389,2.290800
1894,669,54,451,491,3.199400
1895,369,60,241,285,1.819900
1896,379,43,145,183,1.853800
1897,143,46,71,119,0.726400
1898,130,51,35,72,0.672300
1899,351,43,236,283,1.922500
1900,1580,74,980,1030,9.291900
1901,355,59,277,320,1.727700
1902,980,86,859,914,5.457000
1903,1240,65,190,234,6.856900
1904,637,56,417,446,3.031900
1905,449,61,231,280,2.219000
1906,165,62,28,63,0.801300
1907,334,48,66,105,1.912500
1908,381,45,264,314,1.866200
1909,180,47,54,85,0.967500
1910,660,55,142,188,3.120000
1911,280,46,66,106,1.374400
1912,731,54,108,157,3.759400
1913,149,50,60,105,0.892200
1914,321,50,65,118,1.894400
1915,243,42,44,85,1.230200
1916,521,71,414,455,2.609800
1917,217,53,18,55,1.104200
1918,152,48,76,124,0.769200
1919,275,46,95,137,1.354500
1920,328,51,182,235,1.790200
1921,661,52,411,462,3.248900
1922,111,44,39,91,0.579000
1923,1001,62,760,800,5.073000
1924,971,63,27,75,4.992000
1925,231,43,147,194,1.207500
1926,264,71,196,241,1.298200
1927,556,60,195,244,2.981300
1928,725,70,225,269,4.162600
1929,585,70,307,364,2.788800
1930,1284,55,168,217,6.669100
1931,660,69,90,131,3.220800
1932,444,56,293,345,2.308300
1933,456,56,401,451,2.274700
1934,352,57,257,291,1.696200
1935,288,48,101,140,1.408200
1936,260,44,69,94,1.301900
1937,623,67,224,268,2.924300
1938,282,42,4,37,1.423300
1939,503,53,10,40,2.437800
1940,332,50,154,196,1.867800
1941,371,49,176,235,1.835400
1942,538,59,492,533,2.546900
1943,244,45,44,85,1.269900
1944,241,55,30,61,1.338100
1945,567,56,367,424,2.840500
1946,219,56,112,162,1.165400
1947,250,46,129,186,1.244300
1948,377,80,110,156,2.091400
1949,731,67,541,577,3.888400
1950,418,73,362,408,2.206300
1951,700,80,115,157,3.356300
1952,325,57,2,43,1.603200
1953,281,54,23,84,1.389300
1954,683,50,245,290,3.466600
1955,790,56,705,751,4.383600
1956,644,55,299,342,3.053800
1957,345,56,229,270,1.700500
1958,487,64,178,227,2.579000
1959,599,68,325,359,3.092700
1960,509,57,180,219,2.648500
1961,626,66,576,625,2.985300
1962,236,57,40,87,1.252500
1963,594,53,273,327,2.865800
1964,276,56,81,138,1.342500
1965,421,50,88,145,2.152100
1966,194,46,82,131,0.988500
1967,464,45,306,353,2.479000
1968,368,56,153,210,1.873100
1969,566,58,195,227,2.869100
1970,438,49,23,61,2.112600
1971,776,54,302,345,4.001700
1972,654,51,139,189,3.233900
1973,1072,58,79,130,5.372300
1974,959,44,586,625,4.942000
1975,1161,70,684,720,5.978500
1976,613,63,175,230,2.868500
1977,373,43,26,71,1.838500
1978,809,72,491,552,3.969300
1979,585,48,368,419,3.151200
1980,483,52,369,416,2.353200
1981,551,64,479,529,2.717000
1982,1122,59,450,493,5.949900
1983,516,54,164,205,2.634100
1984,541,75,179,231,2.530100
1985,760,68,307,355,3.534200
1986,805,65,675,725,3.913000
1987,277,51,64,115,1.433400
1988,1469,70,1085,1126,8.438000
1989,905,51,54,99,4.489300
1990,604,61,72,123,2.833200
1991,1531,69,1312,1368,7.887400
1992,2057,56,1128,1167,12.316800
1993,641,46,233,275,3.283400
1994,641,46,233,275,3.066600
1995,967,60,70,112,4.845300
1996,282,50,90,150,1.374900
1997,520,56,48,94,2.710400
1998,321,58,274,311,1.852200
1999,1503,87,830,881,7.818000
2000,1227,72,813,851,6.456400
2001,1098,52,1036,1088,5.483000
2002,1311,67,280,326,6.420400
2003,605,60,494,540,2.857200
2004,2130,71,1186,1236,13.621400
2005,159,43,43,91,0.904400
2006,133,35,30,81,0.687700
2007,702,58,52,95,3.399500
2008,387,59,14,54,1.978900
2009,220,52,2,39,1.085500
2010,961,71,846,896,4.928900
2011,1337,69,936,994,6.461000
2012,536,50,340,390,2.663100
2013,575,56,294,348,2.862700
2014,355,51,315,340,1.975400
2015,208,61,97,151,1.053000
2016,216,57,143,185,1.075800
2017,492,69,187,235,2.355900
2018,383,45,144,189,1.842300
2019,1526,74,293,342,8.281300
2020,429,59,331,377,2.091300
2021,1531,69,966,1013,8.119000
2022,18141,70,4245,4292,108.528100
2023,428,55,365,408,2.307300
2024,439,48,402,432,2.090000
2025,387,53,131,171,2.088200
2026,1080,79,232,285,5.530000
2027,81,44,4,59,0.415600
2028,541,67,113,169,2.584900
2029,871,61,460,501,4.449600
2030,5233,75,2563,2608,32.625200
2031,1491,62,649,705,7.921700
2032,463,67,307,348,2.417500
2033,705,59,7,54,3.641700
2034,3198,70,300,351,20.984600
2035,392,47,224,263,2.127100
2036,249,50,166,216,1.212700
2037,558,58,294,329,2.664000
2038,158,50,40,80,0.794900
2039,486,49,332,387,2.377700
2040,465,53,6,52,2.163600
2041,684,67,447,482,3.249700
2042,72,35,15,62,0.446000
2043,1250,65,853,901,6.141700
2044,995,62,783,840,4.842900
2045,489,59,5,44,2.469500
2046,490,54,62,113,2.283400
2047,494,52,50,89,2.393900
2048,184,43,143,178,0.968600
2049,1447,60,808,842,7.852200
2050,793,64,21,62,3.779600
2051,122,58,40,97,0.633900
2052,533,51,334,375,2.640900
2053,676,55,566,602,3.311700
2054,151,51,40,84,0.737100
2055,1162,57,487,534,5.922200
2056,172,54,114,152,1.001400
2057,1081,65,623,665,5.268800
2058,900,90,810,858,4.578000
2059,1711,68,1155,1202,9.386000
2060,292,50,91,131,1.581800
2061,376,59,339,375,2.025800
2062,487,76,433,479,2.508700
2063,1063,50,403,441,5.449900
2064,195,63,122,164,1.098800
2065,116,44,66,113,0.602000
2066,1832,65,1496,1540,10.850200
2067,302,46,82,109,1.518100
2068,672,52,26,70,3.609200
2069,785,66,501,541,3.918600
2070,1020,57,649,695,5.380500
2071,387,47,176,237,1.894800
2072,1024,67,269,311,5.504800
2073,2079,68,123,164,12.213700
2074,365,50,316,354,1.752100
2075,127,38,62,109,0.720700
2076,570,53,116,159,2.910200
2077,300,51,74,126,1.448800
2078,719,55,664,703,3.633900
2079,284,68,56,103,1.382700
2080,344,51,304,344,1.666300
2081,614,69,165,210,2.937300
2082,39,38,2,35,0.217600
2083,167,62,116,166,0.902400
2084,165,48,94,141,0.882000
2085,881,77,229,285,4.513100
2086,351,80,65,108,1.824700
2087,970,72,853,907,4.943400
2088,377,72,196,240,1.773800
2089,409,79,36,89,1.954100
2090,610,60,536,583,2.878000
2091,1425,74,1294,1346,7.552000
2092,273,49,86,137,1.339700
2093,338,51,53,91,1.944300
2094,700,65,4,48,3.953300
2095,495,58,260,314,2.527400
2096,407,53,249,304,1.957200
2097,210,43,65,114,1.053900
2098,503,61,7,52,2.401600
2099,449,57,249,297,2.137100
2100,483,53,141,177,2.441500
2101,239,45,149,200,1.200500
2102,259,71,38,90,1.396100
2103,619,50,135,178,2.971000
2104,178,43,69,120,0.884400
2105,1429,64,542,590,7.563300
2106,390,53,292,330,1.882000
2107,440,45,323,369,2.169000
2108,722,86,42,88,3.519300
2109,756,75,399,450,3.631100
2110,410,44,33,75,1.976400
2111,256,48,205,245,1.378000
2112,300,52,219,255,1.591200
2113,635,50,42,93,3.046500
2114,389,49,342,374,2.046900
2115,308,50,99,154,1.496900
2116,133,51,29,80,0.706000
2117,219,51,170,213,1.081100
2118,1207,68,23,72,6.042700
2119,343,42,35,70,1.857200
2120,468,51,146,190,2.362800
2121,76,35,23,66,0.407900
2122,356,53,305,347,1.902100
2123,361,56,11,56,1.812400
2124,481,52,278,333,2.900700
2125,1048,74,72,123,5.127800
2126,154,43,14,50,0.784200
2127,447,59,41,78,2.188700
2128,384,52,324,378,2.097900
2129,286,49,213,259,1.391700
2130,194,44,13,47,1.093000
2131,1020,70,899,946,5.238900
2132,409,42,34,68,2.015600
2133,678,63,621,657,3.275500
2134,912,75,235,280,4.353400
2135,394,49,276,327,1.860700
2136,359,53,8,42,1.767600
2137,556,55,43,86,2.880000
2138,666,69,8,66,3.395600
2139,466,56,28,77,2.446500
2140,681,47,367,417,3.419500
2141,215,42,167,207,1.118800
2142,258,79,155,206,1.235700
2143,222,50,117,158,1.107700
2144,138,41,16,46,0.776000
2145,438,55,390,437,2.183900
2146,370,56,295,335,1.784700
2147,938,60,429,473,4.569700
2148,215,55,121,161,1.124200
2149,248,51,117,170,1.373000
2150,159,42,23,71,1.047400
2151,484,58,3,44,2.398200
2152,391,58,61,110,1.840100
2153,2167,56,1086,1133,12.266100
2154,745,63,176,215,3.762100
2155,975,67,19,61,5.101900
2156,652,51,366,406,3.109700
2157,247,49,59,99,1.196200
2158,505,50,415,446,2.414100
2159,584,51,95,152,2.886400
2160,367,52,77,118,1.796400
2161,106,37,29,67,0.579100
2162,536,75,492,535,2.581700
2163,433,50,118,160,2.095600
2164,143,40,5,55,0.719300
2165,128,44,3,47,0.645700
2166,276,50,4,45,1.369800
2167,140,46,69,110,0.935500
2168,1078,60,31,74,5.401000
2169,817,50,156,210,3.982700
2170,1365,55,1199,1242,7.233900
2171,218,66,143,186,1.181400
2172,845,68,283,333,4.575800
2173,1260,76,806,864,6.194000
2174,1346,58,1261,1301,7.256600
2175,3351,61,2046,2088,19.909200
2176,978,51,933,976,4.892100
2177,2051,57,1311,1362,12.660000
2178,463,74,232,281,2.449800
2179,1500,57,65,116,7.711000
2180,1483,65,234,288,7.656300
2181,505,61,402,449,2.564900
2182,505,65,391,449,2.534200
2183,427,51,303,338,2.190000
2184,201,52,35,85,1.009900
2185,832,62,454,494,4.120300
2186,134,41,28,71,0.682300
2187,1239,56,591,641,6.168400
2188,430,49,35,79,2.218800
2189,265,58,173,210,1.309200
2190,278,47,213,265,1.484200
2191,516,52,23,52,2.519800
2192,531,47,394,451,2.660500
2193,509,55,417,468,2.448200
2194,493,63,384,435,2.347000
2195,677,55,310,359,3.301500
2196,184,48,59,120,0.961000
2197,858,62,40,84,4.239700
2198,684,65,573,630,3.328800
2199,165,50,24,66,0.831000
2200,520,49,3,56,2.731800
2201,513,51,10,56,2.442300
2202,515,45,33,80,2.732900
2203,630,45,44,77,3.063500
2204,378,51,134,186,2.084000
2205,221,52,148,193,1.186700
2206,379,64,135,168,1.869600
2207,236,43,115,159,1.150400
2208,396,58,2,32,2.192600
2209,356,46,111,159,2.193000
2210,124,45,57,98,0.625400
2211,253,43,60,108,1.274100
2212,541,59,43,82,2.582400
2213,589,58,476,514,2.894000
2214,878,65,556,602,4.248600
2215,963,67,906,958,4.758000
2216,3579,63,3083,3128,22.668500
2217,226,47,78,116,1.317400
2218,245,56,21,73,1.181300
2219,384,52,253,297,1.871500
2220,270,67,187,224,1.290900
2221,68,37,11,52,0.362000
2222,524,45,188,229,2.510700
2223,519,63,407,467,2.459400
2224,501,56,409,451,2.398000
2225,1890,61,1175,1234,11.014300
2226,396,50,126,163,1.915500
2227,610,55,100,139,2.866400
2228,553,57,58,117,2.621100
2229,378,54,45,96,2.032700
2230,518,53,411,462,2.656100
2231,375,44,205,240,1.998600
2232,1441,53,215,268,7.452700
2233,724,51,192,257,3.453800
2234,590,62,523,570,2.893100
2235,255,46,83,122,1.276200
2236,225,63,20,77,1.242500
2237,450,56,335,372,2.349500
2238,357,53,257,294,1.726400
2239,402,42,281,310,2.031000
2240,129,42,99,124,0.699100
2241,569,55,352,385,2.678700
2242,1455,59,287,340,7.608400
2243,1669,64,562,617,9.362300
2244,760,60,520,568,3.796200
2245,218,52,38,75,1.087600
2246,499,57,388,445,2.430200
2247,501,67,393,451,2.567900
2248,502,69,394,452,2.555800
2249,501,64,387,445,2.621300
2250,504,54,27,70,2.455900
2251,518,65,403,457,2.464700
2252,631,57,500,535,3.187300
2253,849,59,716,754,4.190000
2254,443,49,349,404,2.133200
2255,477,50,169,214,2.434200
2256,1069,57,500,549,5.528800
2257,336,53,177,214,1.969500
2258,246,49,93,141,1.442600
2259,510,55,247,294,2.921200
2260,1567,79,1290,1332,9.126000
2261,836,63,353,402,4.396400
2262,506,52,77,123,2.704700
2263,529,64,103,143,2.717000
2264,620,77,273,314,2.807600
2265,449,58,13,59,2.394000
2266,545,61,385,433,2.796900
2267,289,53,4,43,1.623400
2268,517,50,209,257,2.619000
2269,511,50,212,260,2.639300
2270,195,48,12,34,1.031900
2271,1061,75,331,382,5.869000
2272,628,69,31,83,3.113700
2273,261,46,160,181,1.425000
2274,119,47,51,107,0.754700
2275,117,50,74,116,0.584900
2276,39,36,7,38,0.228300
2277,125,35,29,79,0.749700
2278,738,53,289,335,3.922100
2279,535,49,443,498,2.728800
2280,324,55,235,285,1.694800
2281,1038,78,722,769,5.422900
2282,1698,69,1494,1534,10.076000
2283,511,50,310,357,2.585000
2284,139,50,27,73,0.756800
2285,419,53,151,194,2.061600
2286,134,38,55,114,0.690500
2287,149,50,3,41,0.770900
2288,136,45,84,119,0.690000
2289,218,63,113,162,1.101900
2290,416,52,267,310,2.159800
2291,488,56,379,430,2.701400
2292,73,33,9,43,0.398300
2293,578,49,124,174,3.354900
2294,880,58,196,241,4.647900
2295,1034,57,95,144,6.528900
2296,406,48,51,103,2.152900
2297,399,46,223,257,2.399000
2298,517,55,11,52,2.546400
2299,943,74,855,891,4.818500
2300,514,53,397,450,2.913800
2301,293,47,104,159,1.455200
2302,732,57,497,555,3.872100
2303,561,47,33,70,3.351400
2304,343,56,124,163,2.000200
2305,1866,73,1269,1315,10.981400
2306,384,44,112,167,1.873500
2307,302,47,80,116,1.563500
2308,200,48,94,136,1.085200
2309,815,73,369,424,4.010900
2310,364,41,241,283,2.042600
2311,526,46,439,480,2.609400
2312,364,55,246,293,1.880000
2313,195,43,37,93,1.027600
2314,307,55,236,271,1.576800
2315,641,59,208,266,3.310500
2316,251,44,40,85,1.229100
2317,535,49,418,481,2.603800
2318,187,50,11,62,0.944500
2319,1105,69,566,616,5.635000
2320,704,60,265,311,3.743100
2321,695,55,440,495,3.851600
2322,227,54,170,215,1.167500
2323,194,42,93,122,1.032000
2324,457,52,417,457,2.299300
2325,732,68,466,517,3.649800
2326,472,49,222,264,2.477900
2327,742,47,275,311,3.705200
2328,355,61,98,147,1.865800
2329,1706,68,889,937,9.871400
2330,201,47,110,156,1.048900
2331,447,49,2,34,2.287900
2332,314,51,257,297,1.568400
2333,597,49,188,236,2.960900
2334,219,48,61,101,1.233200
2335,296,50,135,178,1.484400
2336,149,44,31,78,0.778400
2337,511,56,350,385,2.568200
2338,142,47,21,77,0.710500
2339,115,55,40,83,0.679700
2340,98,46,47,92,0.522700
2341,133,55,7,51,0.768000
2342,179,39,43,90,1.071700
2343,364,46,81,111,1.773200
2344,276,67,117,164,1.530100
2345,654,54,495,536,3.387500
2346,796,55,565,612,3.999800
2347,771,60,580,628,3.837700
2348,306,43,179,224,1.673600
2349,574,73,478,511,2.838800
2350,395,48,136,173,1.857700
2351,621,62,315,354,2.998900
2352,315,50,228,269,1.606800
2353,384,57,33,83,2.000000
2354,1673,74,1579,1627,9.601800
2355,379,46,319,359,1.937800
2356,359,48,149,208,1.847300
2357,397,51,182,228,2.102600
2358,435,70,137,179,2.304900
2359,3303,85,661,717,21.103800
2360,163,58,82,126,0.812000
2361,1265,57,819,865,6.406100
2362,403,52,122,157,2.018500
2363,391,54,36,78,2.111400
2364,507,59,35,73,2.611700
2365,579,68,524,570,3.073400
2366,609,47,47,90,3.217400
2367,377,58,2,48,2.175000
2368,989,76,590,644,4.891200
2369,463,77,22,64,2.435300
2370,1958,65,672,721,12.290900
2371,328,61,227,276,1.765400
2372,654,65,430,475,3.435100
2373,369,47,243,295,1.789900
2374,75,39,21,57,0.478700
2375,40,54,21,40,0.226600
2376,283,51,167,205,1.374300
2377,1181,54,793,832,5.906400
2378,652,51,569,614,3.537800
2379,189,62,114,155,1.006500
2380,320,43,120,161,1.679600
2381,249,49,10,53,1.218600
2382,429,50,89,143,2.078300
2383,177,57,45,93,0.895100
2384,773,69,205,240,3.892500
2385,678,62,566,605,3.380500
2386,419,53,22,68,2.141000
2387,992,62,215,258,5.095400
2388,367,62,271,316,1.939900
2389,1153,57,523,572,5.923800
2390,700,66,293,342,3.715000
2391,322,67,226,269,1.583300
2392,407,57,346,393,1.930300
2393,695,54,149,188,3.467200
2394,527,57,26,70,2.983100
2395,151,60,8,50,0.909200
2396,1954,56,475,519,11.371100
2397,1464,61,317,363,7.564400
2398,67,33,7,48,0.366100
2399,3912,73,3667,3723,23.610300
2400,541,50,394,445,2.799200
2401,755,71,440,483,3.859100
2402,737,84,471,521,3.557800
2403,1430,52,992,1036,7.250800
2404,260,46,13,67,1.640100
2405,548,62,419,469,2.816900
2406,589,51,440,480,3.081500
2407,4001,76,417,459,23.793100
2408,179,38,16,55,0.998300
2409,364,60,142,207,1.740400
2410,354,62,62,104,1.742500
2411,165,53,62,103,0.843100
2412,516,62,297,341,2.439900
2413,422,50,190,227,2.192500
2414,267,46,11,53,1.393000
2415,751,62,427,468,3.884900
2416,243,49,53,94,1.192300
2417,153,57,66,97,0.779000
2418,255,47,140,181,1.402600
2419,578,49,215,254,2.812300
2420,1960,59,403,461,11.701900
2421,211,62,128,172,1.032200
2422,431,55,392,425,2.084700
2423,182,46,136,176,0.918000
2424,400,52,310,348,1.910100
2425,560,58,97,144,2.913100
2426,207,43,52,81,1.033000
2427,216,52,20,66,1.206600
2428,2236,56,1255,1302,13.393000
2429,643,64,94,146,3.164900
2430,424,64,24,75,2.071100
2431,350,50,230,276,1.748700
2432,629,56,586,629,3.050400
2433,608,61,345,390,3.026400
2434,383,56,126,183,1.906000
2435,387,61,147,188,1.902600
2436,323,54,97,135,1.692100
2437,691,61,141,187,4.281600
2438,2249,67,450,487,13.992700
2439,155,51,2,46,0.870000
2440,515,51,9,48,2.682700
2441,1200,61,3,50,6.093600
2442,1541,66,443,492,8.478300
2443,361,52,205,256,1.809100
2444,740,50,572,617,3.701500
2445,341,43,101,151,1.704600
2446,444,51,206,255,2.246300
2447,508,59,62,116,2.625800
2448,168,40,64,108,0.919900
2449,273,48,36,86,1.375400
2450,293,46,62,95,1.456400
2451,299,55,27,70,1.669000
2452,408,60,346,387,2.145700
2453,1364,74,481,538,7.788900
2454,680,67,37,83,3.460300
2455,228,55,160,205,1.146500
2456,397,65,98,138,1.917200
2457,419,60,14,68,2.048700
2458,173,54,44,89,1.031200
2459,156,36,79,121,0.840100
2460,1489,72,593,651,8.391400
2461,879,46,650,700,4.521200
2462,551,47,504,538,2.892100
2463,338,48,208,264,1.615900
2464,320,45,68,111,1.706000
2465,286,40,47,110,1.385000
2466,460,53,301,344,2.240100
2467,766,54,207,255,3.797400
2468,80,43,13,50,0.415700
2469,625,60,6,43,3.195300
2470,950,54,807,861,4.677100
2471,138,43,66,115,0.698500
2472,868,61,576,621,4.369900
2473,279,49,189,234,1.520600
2474,408,55,15,60,2.009700
2475,273,56,185,224,1.491300
2476,43,39,5,21,0.241400
2477,562,60,185,238,2.696600
2478,948,50,841,887,4.733600
2479,863,88,737,790,4.244200
2480,740,78,530,586,4.064000
2481,324,63,139,175,1.899400
2482,250,48,180,226,1.219100
2483,546,48,4,41,2.777800
2484,1669,67,359,414,9.935700
2485,3598,67,1652,1700,22.527500
2486,1638,65,1330,1387,9.004200
2487,535,75,105,157,2.664800
2488,433,54,270,311,2.101500
2489,536,55,352,397,2.615300
2490,536,61,418,482,2.699300
2491,107,48,52,103,0.583100
2492,508,45,226,270,2.435100
2493,200,44,13,45,1.268900
2494,145,44,72,99,0.739500
2495,2455,67,1093,1137,15.297600
2496,614,66,362,404,3.182000
2497,232,58,17,54,1.120500
2498,684,48,324,368,3.426500
2499,147,40,75,133,0.832300
2500,353,49,6,52,1.859000
2501,604,75,30,87,3.151800
2502,876,49,154,202,4.525600
2503,139,47,20,65,0.704500
2504,320,50,276,320,1.555000
2505,560,49,253,286,2.816900
2506,276,47,144,176,1.347900
2507,642,53,152,202,3.062800
2508,648,61,366,423,3.114700
2509,676,55,472,521,3.678500
2510,809,65,693,741,4.088700
2511,253,36,127,175,1.230900
2512,465,58,31,71,2.618800
2513,592,65,376,433,2.946700
2514,234,45,207,226,1.125900
2515,852,61,387,429,4.407700
2516,641,75,108,171,3.033500
2517,2210,63,414,471,13.494700
2518,302,41,156,207,1.507200
2519,628,54,507,566,3.016800
2520,197,50,56,93,0.979300
2521,102,45,57,102,0.523200
2522,362,53,202,241,1.755300
2523,2240,61,2149,2203,13.365100
2524,669,62,255,288,3.255600
2525,667,57,22,70,3.330300
2526,1067,63,923,964,5.269200
2527,60,45,7,59,0.336600
2528,1114,59,785,833,5.522600
2529,689,52,95,146,3.818000
2530,604,51,7,45,3.126000
2531,150,46,91,145,0.761800
2532,2042,62,1413,1462,12.976700
2533,751,57,25,67,3.733000
2534,141,52,103,141,0.729100
2535,1434,57,720,760,7.491700
2536,217,46,69,124,1.182900
2537,885,56,789,835,4.485000
2538,102,38,3,49,0.535900
2539,241,49,97,144,1.159900
2540,263,42,194,241,1.316800
2541,710,52,431,470,3.432900
2542,705,61,183,236,3.510800
2543,1291,51,1180,1231,6.228900
2544,248,41,22,68,1.213700
2545,173,48,143,173,1.016200
2546,1145,53,416,455,5.547400
2547,632,49,550,596,3.209600
2548,427,51,249,280,2.235700
2549,709,53,670,706,3.513300
2550,664,52,149,194,3.271800
2551,230,43,107,154,1.375800
2552,276,62,15,63,1.357900
2553,900,70,791,838,4.357600
2554,1288,62,1196,1239,6.707600
2555,818,71,516,563,3.968400
2556,1118,58,474,524,5.373600
2557,492,64,15,49,2.411300
2558,196,45,77,136,1.031800
2559,422,55,24,58,2.247300
2560,147,49,53,96,0.748500
2561,691,60,478,524,3.974500
2562,582,51,552,579,2.803800
2563,343,54,47,94,1.822900
2564,401,59,175,216,1.923600
2565,508,50,366,404,2.498600
2566,829,72,203,252,4.114700
2567,297,58,24,70,1.458800
2568,214,61,17,67,1.040300
2569,620,70,536,585,3.075800
2570,980,61,805,848,4.913100
2571,994,51,413,464,5.007200
2572,220,52,118,161,1.084300
2573,251,46,8,48,1.370200
2574,309,53,202,254,1.505400
2575,137,50,12,65,0.688700
2576,452,52,372,419,2.246300
2577,429,48,209,249,2.066800
2578,510,58,9,52,2.594000
2579,494,67,15,60,2.385900
2580,191,47,127,181,0.945000
2581,641,46,233,275,3.186700
2582,396,54,60,109,1.907000
2583,372,49,134,175,1.808700
2584,181,55,91,141,0.951000
2585,516,60,409,460,2.549600
2586,224,44,181,222,1.106700
2587,215,39,144,183,1.045500
2588,216,43,142,183,1.069700
2589,215,48,142,183,1.191000
2590,199,39,126,167,0.997200
2591,215,47,142,183,1.055600
2592,222,46,13,64,1.087300
2593,1169,62,779,821,5.710100
2594,492,62,11,51,2.421000
2595,493,50,372,403,2.364700
2596,487,62,14,59,2.543800
2597,886,53,836,876,4.537500
2598,551,56,96,137,2.673200
2599,459,63,32,88,2.253600
2600,289,64,35,91,1.532700
2601,1975,56,851,893,11.097600
2602,250,46,37,84,1.360900
2603,496,51,256,302,2.618600
2604,520,53,10,64,2.463600
2605,1193,64,998,1053,6.054800
2606,1487,60,27,78,8.071100
2607,195,52,123,171,1.062200
2608,1252,50,136,182,6.279100
2609,363,60,331,361,1.954700
2610,583,64,11,55,3.006300
2611,191,45,44,96,1.096900
2612,158,46,99,140,0.809900
2613,2243,60,1787,1831,13.233400
2614,581,53,518,565,2.915300
2615,1018,55,940,976,5.441000
2616,194,47,73,118,0.960800
2617,86,37,51,84,0.449800
2618,437,53,30,70,2.080000
2619,299,50,85,126,1.487300
2620,172,41,23,81,1.152200
2621,872,71,725,775,4.415800
2622,1943,63,1586,1631,11.579900
2623,733,47,250,303,3.508700
2624,356,46,57,104,1.744200
2625,784,62,483,528,3.855100
2626,522,50,436,493,2.659200
2627,583,58,326,374,2.837500
2628,698,63,281,323,3.538700
2629,674,62,458,504,3.304500
2630,456,49,7,47,2.266300
2631,317,52,36,82,1.551600
2632,210,52,159,199,1.049900
2633,683,53,511,574,3.721000
2634,872,52,513,563,4.825000
2635,585,58,150,190,2.838700
2636,452,64,409,452,2.224600
2637,203,41,100,142,1.093100
2638,530,54,341,393,2.607900
2639,257,49,99,153,1.260700
2640,56,50,11,52,0.381600
2641,814,52,487,524,3.930400
2642,678,51,225,273,3.322400
2643,857,71,480,526,4.103000
2644,778,54,182,220,3.992000
2645,877,64,596,646,4.368700
2646,874,66,234,282,4.300900
2647,258,47,45,80,1.268500
2648,327,41,218,261,1.955800
2649,521,59,473,518,2.534600
2650,227,53,22,59,1.228300
2651,246,50,130,171,1.211900
2652,392,38,176,218,1.916500
2653,350,46,153,199,2.202500
2654,833,57,694,728,4.668000
2655,320,48,67,121,1.543600
2656,337,49,150,192,1.737000
2657,1345,79,1022,1071,6.580800
2658,85,40,51,76,0.456500
2659,380,75,44,87,1.838900
2660,592,83,110,156,2.847000
2661,942,48,87,137,4.587500
2662,312,50,58,107,1.621000
2663,154,45,3,40,0.758800
2664,275,56,34,74,1.560900
2665,306,51,268,299,1.501700
2666,826,50,508,548,4.312600
2667,798,63,78,118,4.080700
2668,502,53,10,45,2.441600
2669,412,46,121,180,2.135000
2670,389,45,121,161,2.124400
2671,390,48,229,286,1.873700
2672,523,47,333,382,2.626000
2673,786,53,442,483,3.971600
2674,89,46,6,51,0.555300
2675,397,42,49,107,1.957200
2676,392,60,184,233,1.859000
2677,399,50,2,39,2.015500
2678,337,56,64,107,1.786700
2679,140,42,78,121,0.704600
2680,613,52,551,589,3.245100
2681,737,56,543,595,3.837900
2682,186,44,47,85,1.003500
2683,329,59,87,123,1.611700
2684,479,62,139,179,2.478100
2685,119,49,5,42,0.770000
2686,704,75,9,52,3.505700
2687,536,55,486,534,2.770000
2688,723,47,477,520,3.700300
2689,782,53,409,447,4.034200
2690,560,79,171,214,2.865400
2691,95,38,4,28,0.553500
2692,608,62,548,593,3.002200
2693,468,52,215,262,2.312400
2694,822,64,448,500,4.264500
2695,251,46,33,77,1.225500
2696,946,70,379,431,4.878100
2697,776,65,70,114,3.914000
2698,766,66,31,83,4.130000
2699,625,53,16,60,3.483400
2700,981,60,77,131,4.836600
2701,507,56,24,66,2.530200
2702,886,49,643,673,4.501300
2703,587,49,367,416,2.975700
2704,147,45,47,89,0.844300
2705,148,46,42,90,0.745400
2706,166,52,58,113,0.859800
2707,674,63,570,619,3.504800
2708,673,49,441,483,3.278200
2709,1320,61,350,395,6.795200
2710,301,44,182,228,1.710400
2711,602,48,128,168,2.807400
2712,472,49,98,135,2.297700
2713,283,53,147,190,1.420500
2714,367,55,47,84,1.944400
2715,281,48,59,108,1.363500
2716,2197,76,498,545,13.511100
2717,125,45,18,60,0.644500
2718,1843,64,939,987,10.886000
2719,255,44,158,194,1.389900
2720,189,47,90,137,1.077000
2721,241,45,91,140,1.176800
2722,1062,74,243,288,5.530800
2723,405,45,320,364,2.024300
2724,596,49,371,430,3.584200
2725,506,53,138,172,2.412900
2726,105,53,51,98,0.546500
2727,954,57,738,782,4.663900
2728,217,52,172,217,1.154000
2729,921,51,362,413,4.681300
2730,585,47,170,214,2.831100
2731,178,57,15,62,0.957300
2732,564,60,193,232,2.784300
2733,492,49,152,202,2.628300
2734,1451,74,1338,1376,7.465700
2735,241,45,131,178,1.303400
2736,1330,79,265,318,6.842900
2737,425,48,73,111,2.350400
2738,1799,58,751,791,10.060100
2739,318,38,187,232,1.555700
2740,124,40,34,82,0.677000
2741,751,51,9,62,4.025300
2742,117,36,28,74,0.634000
2743,1690,59,591,630,9.069800
2744,391,43,127,170,2.215800
2745,613,50,443,485,3.079300
2746,311,51,55,100,1.754400
2747,1128,73,666,715,5.655000
2748,297,42,20,65,1.542200
2749,138,39,55,95,0.706900
2750,470,59,192,247,2.547900
2751,251,44,38,77,1.331300
2752,183,53,121,169,0.933100
2753,141,40,48,95,0.707500
2754,553,65,48,106,2.719800
2755,361,57,43,95,1.776100
2756,155,47,44,86,0.839300
2757,285,71,134,175,1.461000
2758,465,61,210,251,2.330400
2759,687,61,467,513,3.547000
2760,696,59,179,226,3.333000
2761,206,59,24,83,1.023800
2762,1220,75,655,701,6.450100
2763,823,70,97,144,3.955200
2764,655,54,201,232,3.475200
2765,2470,55,1749,1793,14.993400
2766,1123,54,1076,1121,5.568400
2767,211,43,44,83,1.112700
2768,893,61,159,201,4.290100
2769,578,70,507,555,3.189000
2770,395,66,286,335,1.977100
2771,151,48,78,122,0.856300
2772,1093,66,269,314,5.575800
2773,475,51,221,262,2.497500
2774,394,54,91,137,1.870100
2775,1341,71,898,948,7.123800
2776,462,66,27,79,2.294600
2777,231,51,44,95,1.129300
2778,253,47,170,214,1.235700
2779,597,59,229,270,2.929500
2780,570,51,348,396,2.735300
2781,288,48,171,211,1.575300
2782,116,50,51,91,0.710600
2783,439,45,126,152,2.227600
2784,1412,73,1283,1331,9.155700
2785,1411,52,390,435,7.489500
2786,461,51,290,327,2.289200
2787,636,49,560,617,3.039000
2788,816,61,95,130,4.139600
2789,1354,73,834,877,7.217700
2790,969,53,461,509,4.686300
2791,843,68,7,47,4.979900
2792,351,57,130,176,1.881500
2793,329,50,189,248,1.713900
2794,420,71,69,123,1.991900
2795,944,57,557,594,4.618700
2796,134,55,25,75,0.681800
2797,650,48,415,460,3.280200
2798,319,46,80,132,1.632200
2799,199,43,159,198,1.113600
2800,582,63,388,439,2.705900
2801,218,47,126,164,1.191900
2802,475,56,293,342,2.299500
2803,268,48,42,81,1.323800
2804,1248,53,985,1032,6.197400
2805,370,53,123,172,1.888000
2806,262,42,35,84,1.316500
2807,2727,61,641,688,16.910100
2808,220,51,124,166,1.228600
2809,118,52,16,55,0.589900
2810,256,49,115,153,1.261500
2811,694,60,58,104,3.465000
2812,197,56,4,49,1.021200
2813,2171,62,1207,1256,13.881800
2814,1476,55,1269,1307,8.005700
2815,513,52,176,220,2.734300
2816,844,52,42,84,4.360900
2817,613,62,128,180,3.104700
2818,439,46,361,406,2.129300
2819,516,57,51,93,2.625100
2820,430,48,242,281,2.116300
2821,526,47,16,41,2.555400
2822,627,60,436,479,3.315800
2823,409,58,190,231,2.122100
2824,606,57,39,83,2.923300
2825,940,76,42,87,5.197600
2826,444,61,390,443,2.141500
2827,315,65,133,186,1.638800
2828,377,42,129,158,1.935500
2829,222,52,82,111,1.084200
2830,151,52,58,99,0.779200
2831,630,54,467,525,3.200400
2832,453,53,397,442,2.569200
2833,174,48,16,62,0.884300
2834,681,61,609,649,3.359000
2835,116,49,61,114,0.776700
2836,558,54,356,399,3.261300
2837,1012,56,969,1011,5.008800
2838,753,65,264,311,3.668400
2839,112,40,20,66,0.578200
2840,199,48,104,151,1.105100
2841,966,49,768,813,4.998700
2842,317,49,58,105,1.551200
2843,122,40,4,60,0.682200
2844,649,62,163,208,3.088900
2845,326,50,69,105,1.622100
2846,326,60,186,237,1.763600
2847,110,56,12,48,0.553300
2848,370,45,63,102,1.993900
2849,1093,60,1028,1079,5.477100
2850,292,52,180,227,1.438800
2851,1684,59,275,325,9.807200
2852,5322,68,3011,3053,36.416600
2853,176,69,108,154,0.952400
2854,90,39,5,54,0.464800
2855,536,59,42,90,2.626600
2856,409,46,5,47,2.160700
2857,118,51,77,118,0.671100
2858,94,41,11,47,0.492400
2859,611,68,44,97,3.153000
2860,1131,70,391,437,5.835500
2861,511,55,392,441,2.623900
2862,470,47,99,133,2.622900
2863,450,46,21,69,2.526000
2864,204,49,163,198,1.207000
2865,669,56,78,127,3.341100
2866,745,54,424,476,3.728600
2867,306,73,31,75,1.536800
2868,79,47,4,47,0.409100
2869,299,47,24,79,1.464000
2870,605,54,147,194,3.026200
2871,886,61,761,819,4.358700
2872,315,62,255,304,1.608700
2873,908,63,778,810,4.472400
2874,456,53,23,71,2.276000
2875,992,66,1,47,5.110900
2876,756,54,48,91,3.757300
2877,488,66,8,60,2.735100
2878,235,54,154,208,1.349600
2879,350,55,51,96,1.679500
2880,1117,74,742,787,5.754900
2881,1430,62,547,593,7.128200
2882,111,47,56,97,0.692500
2883,300,48,18,57,1.552400
2884,1659,60,288,337,8.950700
2885,489,58,328,367,2.738500
2886,659,54,104,166,3.793900
2887,2188,54,1986,2025,12.739500
2888,216,53,35,92,1.182100
2889,657,53,26,76,3.344500
2890,223,47,146,193,1.105900
2891,1838,80,1576,1618,10.674900
2892,335,52,95,151,1.680800
2893,691,65,302,355,3.464300
2894,669,82,417,473,3.291300
2895,249,51,7,48,1.213900
2896,576,48,311,362,2.767100
2897,273,40,135,164,1.353900
2898,477,47,173,208,2.277400
2899,437,81,200,247,2.089100
2900,131,42,77,120,0.808200
2901,509,52,401,454,2.599200
2902,511,50,35,76,2.623100
2903,509,52,23,65,3.009100
2904,502,59,179,227,2.526800
2905,501,47,389,446,2.506600
2906,92,39,2,41,0.467800
2907,721,58,444,487,3.729500
2908,388,48,111,151,1.990600
2909,198,42,5,55,1.060100
2910,191,48,13,59,0.959300
2911,252,49,73,120,1.219200
2912,395,59,12,46,1.925300
2913,302,53,52,96,1.465100
2914,600,49,42,87,2.862700
2915,755,59,48,104,3.699500
2916,247,60,120,175,1.199200
2917,448,59,289,345,2.358900
2918,763,58,731,763,3.889800
2919,633,68,331,387,3.388000
2920,321,43,169,211,1.591200
2921,1390,70,780,819,6.727000
2922,339,54,97,148,1.710700
2923,1140,61,534,573,5.701900
2924,234,56,168,218,1.158700
2925,297,48,149,190,1.452900
2926,553,57,112,158,2.625100
2927,280,49,2,43,1.627400
2928,198,44,16,48,1.001000
2929,614,57,380,425,3.021400
2930,256,39,162,198,1.308100
2931,224,48,13,61,1.112500
2932,179,49,14,58,0.897300
2933,227,59,179,218,1.111600
2934,268,46,3,54,1.379400
2935,568,49,337,381,2.776300
2936,453,52,179,226,2.562600
2937,486,55,272,330,2.365000
2938,182,42,123,165,0.919100
2939,198,37,87,134,0.999900
2940,422,55,69,109,2.221800
2941,85,47,17,53,0.445300
2942,205,44,32,71,1.133300
2943,293,47,214,235,1.672300
2944,671,69,442,491,3.691500
2945,985,53,684,733,5.048400
2946,449,61,26,76,2.582300
2947,1218,80,91,143,6.505400
2948,397,47,32,85,2.216900
2949,129,47,33,64,0.696700
2950,454,59,291,332,2.357600
2951,485,50,382,432,2.547600
2952,1059,56,851,903,5.702500
2953,459,45,18,69,2.360900
2954,516,52,183,225,2.881100
2955,727,62,115,167,3.614600
2956,885,69,746,788,4.310700
2957,638,59,481,539,3.208800
2958,1486,53,961,1018,7.646600
2959,154,44,13,50,0.759600
2960,1475,65,1297,1349,8.846500
2961,1157,72,361,409,5.898800
2962,814,58,47,99,4.221500
2963,388,56,174,234,1.894100
2964,670,56,438,484,3.301700
2965,124,38,38,83,0.745000
2966,1718,65,847,898,9.537800
2967,275,49,182,226,1.358400
2968,537,64,35,79,2.626000
2969,952,65,39,83,4.821200
2970,260,44,211,244,1.279400
2971,498,56,121,171,2.629400
2972,354,56,11,58,1.934700
2973,105,44,39,87,0.542100
2974,1535,74,1216,1267,8.114000
2975,509,63,459,501,2.529800
2976,869,75,81,125,4.194000
2977,533,69,441,485,2.518100
2978,438,60,349,405,2.360700
2979,489,53,86,143,2.426400
2980,842,63,402,451,4.333200
2981,500,51,114,155,2.412900
2982,248,53,47,97,1.201400
2983,539,79,66,117,2.610200
2984,505,60,378,421,2.650100
2985,347,54,128,172,1.881200
2986,354,54,60,111,1.949000
2987,1191,68,365,411,5.957900
2988,488,51,286,332,2.355100
2989,153,54,105,146,0.770100
2990,648,57,379,410,3.301400
2991,454,62,209,266,2.298800
2992,297,47,213,261,1.453600
2993,255,47,73,128,1.243100
2994,296,47,17,64,1.461500
2995,345,63,272,314,1.675300
2996,854,61,365,412,4.181800
2997,249,53,6,42,1.259100
2998,587,61,198,242,2.815600
2999,427,59,260,296,2.229500
3000,916,53,505,558,4.502200
3001,230,68,116,163,1.133900
3002,604,62,144,179,2.957900
3003,951,65,822,878,4.868300
3004,365,61,33,87,1.918400
3005,611,58,66,107,2.894000
3006,245,47,166,220,1.315200
3007,148,56,70,99,0.744800
3008,64,48,4,33,0.335100
3009,739,60,215,252,3.800800
3010,867,50,330,376,4.439500
3011,576,54,526,571,2.921600
3012,294,46,68,113,1.599100
3013,520,56,297,332,2.480800
3014,487,49,151,198,2.570000
3015,506,49,396,452,2.444500
3016,381,55,216,262,2.020900
3017,210,41,110,155,1.054700
3018,859,54,411,464,4.180400
3019,152,55,104,147,0.775600
3020,134,38,3,26,0.769300
3021,238,48,69,117,1.170900
3022,306,44,177,225,1.495800
3023,1537,58,509,550,9.817500
3024,1673,77,1231,1282,9.446000
3025,1041,52,190,226,6.390300
3026,580,52,269,306,3.136100
3027,523,63,123,178,2.544500
3028,149,50,13,47,0.751600
3029,398,61,326,374,1.936100
3030,894,49,681,725,4.353700
3031,405,48,185,221,2.177100
3032,81,35,36,77,0.427700
3033,578,60,186,230,2.807700
3034,744,61,23,75,3.882300
3035,555,47,414,456,2.866800
3036,203,49,144,194,1.006500
3037,552,50,466,503,2.715000
3038,346,50,3,42,1.677200
3039,943,56,526,568,5.434200
3040,363,59,154,193,1.796000
3041,379,48,287,329,2.020100
3042,495,54,369,415,2.630100
3043,653,62,523,577,3.444300
3044,528,58,24,68,2.714700
3045,373,53,17,67,1.829900
3046,395,49,180,228,1.882900
3047,1696,80,15,64,9.743500
3048,417,55,69,121,1.994600
3049,481,49,424,444,2.306000
3050,240,44,41,77,1.239400
3051,4912,69,1658,1703,30.204100
3052,63,36,13,61,0.334900
3053,146,42,13,38,0.725100
3054,720,79,33,82,3.565400
3055,781,48,408,460,3.831200
3056,520,49,51,104,2.799500
3057,1254,52,1174,1221,6.524600
3058,243,50,134,181,1.231300
3059,696,54,261,294,3.559800
3060,529,59,26,78,2.629500
3061,726,59,473,524,3.494200
3062,1012,50,551,604,5.011900
3063,423,70,216,259,2.042700
3064,108,42,55,77,0.626100
3065,347,54,53,93,1.865000
3066,658,50,57,100,3.122800
3067,216,52,115,158,1.082600
3068,138,42,10,57,0.722700
3069,543,56,442,473,2.757500
3070,518,47,246,296,2.667100
3071,225,62,160,209,1.116300
3072,195,49,121,164,0.957000
3073,1038,75,680,721,5.478500
3074,1044,60,166,203,5.267900
3075,525,55,456,507,2.501600
3076,340,47,297,339,1.979600
3077,671,54,318,373,3.394700
3078,121,43,2,39,0.617500
3079,642,43,275,324,3.316500
3080,1229,56,777,824,6.515500
3081,462,57,409,453,2.379700
3082,367,58,32,80,1.782800
3083,259,47,158,183,1.292300
3084,676,61,23,73,3.298900
3085,994,61,478,519,5.302400
3086,2074,76,1762,1816,12.152200
3087,188,53,16,70,0.951800
3088,331,51,217,264,1.626300
3089,258,54,207,255,1.254700
3090,724,42,372,402,3.803600
3091,1145,60,73,128,5.835800
3092,1052,69,229,274,5.266800
3093,201,64,66,115,1.017500
3094,600,55,540,579,2.823100
3095,480,46,167,222,2.378800
3096,484,57,116,152,2.616200
3097,463,50,362,409,2.298900
3098,186,47,11,63,0.977500
3099,419,52,333,377,1.998900
3100,1405,63,688,733,6.991100
3101,376,62,256,298,2.214300
3102,77,34,5,49,0.401400
3103,534,68,236,282,2.572400
3104,1051,58,519,571,5.387100
3105,491,57,350,402,2.358500
3106,993,54,821,861,4.927100
3107,181,51,136,173,0.913900
3108,368,38,270,322,1.805700
3109,346,57,155,195,1.671700
3110,527,56,232,285,2.631600
3111,245,51,52,103,1.357900
3112,652,74,519,566,3.188200
3113,438,48,29,68,2.104000
3114,693,52,579,630,3.449700
3115,597,59,46,94,2.958000
3116,734,60,507,543,3.513400
3117,243,46,77,122,1.231800
3118,706,62,37,82,3.607700
3119,704,60,417,459,3.338300
3120,611,58,93,156,2.894400
3121,604,46,363,408,2.831300
3122,250,75,100,144,1.216500
3123,250,61,42,89,1.250200
3124,461,83,318,359,2.389400
3125,270,40,10,50,1.341900
3126,418,48,200,242,2.282100
3127,471,54,11,64,2.298700
3128,407,44,117,147,1.968300
3129,421,58,194,230,2.188500
3130,3479,66,2833,2874,21.051700
3131,1001,64,41,88,5.000500
3132,154,44,43,104,0.888900
3133,137,44,72,116,0.730700
3134,120,43,60,114,0.604500
3135,134,61,61,102,0.785500
3136,454,53,392,431,2.410800
3137,925,69,497,555,4.723200
3138,186,49,61,107,0.980800
3139,317,45,244,278,1.551400
3140,404,56,146,190,2.127800
3141,391,44,145,200,2.234100
3142,169,42,41,94,0.861800
3143,156,45,2,31,0.904100
3144,159,48,25,67,0.863100
3145,962,68,438,481,4.931400
3146,143,44,21,79,0.732000
3147,1174,64,1053,1100,6.264500
3148,524,48,231,279,2.729900
3149,316,52,187,227,1.544400
3150,479,53,279,331,2.435100
3151,721,54,626,688,3.724400
3152,280,74,20,69,1.374900
3153,299,62,73,108,1.567700
3154,494,51,70,126,2.332500
3155,118,41,27,68,0.596300
3156,886,66,94,139,4.363900
3157,395,45,205,258,2.186500
3158,167,44,15,68,0.858600
3159,330,48,182,239,1.703700
3160,158,46,66,93,0.798300
3161,389,51,207,253,1.971900
3162,92,32,5,53,0.480400
3163,217,37,114,143,1.098300
3164,1093,71,672,715,5.625400
3165,492,57,21,63,2.386100
3166,855,67,759,809,4.275100
3167,111,40,25,62,0.635300
3168,476,56,244,296,2.297400
3169,539,54,191,245,2.609700
3170,350,48,98,147,1.782100
3171,747,65,230,272,3.513400
3172,492,49,303,352,2.533800
3173,212,56,114,159,1.066900
3174,178,47,59,105,0.985000
3175,214,59,141,186,1.051800
3176,819,52,282,326,5.122100
3177,254,50,30,72,1.234800
3178,124,57,85,121,0.628500
3179,3919,58,139,184,24.153900
3180,393,51,273,316,2.131300
3181,265,51,145,190,1.302600
3182,451,46,75,124,2.234300
3183,715,51,230,272,3.457300
3184,86,38,23,60,0.586600
3185,391,47,146,178,1.883500
3186,608,50,3,56,2.855400
3187,185,48,137,181,1.108100
3188,531,67,394,445,2.600800
3189,399,46,51,102,2.392500
3190,494,56,232,270,2.475700
3191,952,55,673,730,4.780200
3192,610,44,467,513,3.130600
3193,1183,66,560,612,5.876200
3194,540,47,34,82,2.633000
3195,1076,72,5,50,5.235800
3196,333,49,136,178,1.705000
3197,378,76,125,174,2.245500
3198,765,53,51,104,3.734800
3199,627,60,574,617,2.984000
3200,503,56,466,500,2.429700
3201,1190,68,79,131,5.843600
3202,1514,56,644,684,7.984900
3203,217,46,71,127,1.076700
3204,1214,64,45,96,5.829700
3205,288,41,245,284,1.655900
3206,607,52,32,77,2.947300
3207,334,53,3,49,1.631900
3208,276,50,4,41,1.354500
3209,590,50,34,73,2.773300
3210,343,45,68,114,1.695900
3211,623,70,5,51,3.081600
3212,2142,55,194,232,12.802200
3213,637,61,390,438,3.263400
3214,1226,92,35,83,6.093200
3215,671,66,418,468,3.280700
3216,698,54,282,325,3.508100
3217,1191,61,209,248,5.975500
3218,139,32,76,125,0.718600
3219,90,59,2,41,0.447600
3220,191,49,124,177,1.122300
3221,347,53,208,239,1.830000
3222,192,45,153,186,1.022000
3223,467,47,410,449,2.269400
3224,841,52,537,582,4.016400
3225,226,71,156,207,1.096300
3226,316,49,28,83,1.521400
3227,182,48,42,99,1.143100
3228,143,47,2,55,0.742200
3229,332,55,260,305,1.604900
3230,78,47,23,68,0.410000
3231,555,53,24,73,2.712300
3232,396,59,3,47,1.994100
3233,268,41,181,240,1.308600
3234,369,47,4,49,1.755800
3235,404,44,269,311,1.926900
3236,211,48,34,80,1.035400
3237,889,52,145,184,4.762100
3238,268,40,198,234,1.315500
3239,122,35,19,47,0.757400
3240,819,74,75,122,4.444600
3241,420,71,383,420,2.209200
3242,680,82,278,332,3.312200
3243,1007,59,467,520,5.009800
3244,226,43,10,60,1.270100
3245,594,63,23,74,2.880300
3246,629,57,176,226,3.079300
3247,337,55,143,187,1.616300
3248,225,54,49,95,1.112500
3249,846,61,135,177,4.373600
3250,510,46,402,455,2.567400
3251,169,48,32,72,0.879600
3252,496,60,262,289,2.741900
3253,539,68,19,70,2.563800
3254,461,50,104,144,2.456500
3255,196,49,135,183,0.981500
3256,524,55,79,118,2.763200
3257,176,67,130,174,0.872600
3258,590,66,377,435,2.947400
3259,288,48,20,60,1.457100
3260,181,51,40,85,0.925900
3261,525,49,478,524,2.551600
3262,328,47,186,239,1.600800
3263,928,66,469,524,4.526200
3264,386,41,196,237,2.098400
3265,327,44,208,251,1.610200
3266,411,52,192,238,2.433500
3267,300,48,59,116,1.502600
3268,245,64,19,78,1.213700
3269,694,73,282,329,3.510200
3270,497,58,227,268,2.384700
3271,681,60,299,351,3.512000
3272,1747,52,13,61,10.155000
3273,125,61,31,83,0.651600
3274,407,61,78,117,1.949900
3275,2226,71,711,741,12.817600
3276,431,50,275,324,2.103800
3277,717,72,640,689,3.379800
3278,504,61,397,450,2.463600
3279,2531,90,2250,2297,14.537000
3280,1059,77,601,649,5.402100
3281,125,38,74,117,0.719300
3282,1307,62,513,548,6.539400
3283,4699,70,4198,4251,28.003300
3284,162,43,95,140,0.807100
3285,890,63,39,95,4.265600
3286,219,58,96,144,1.053300
3287,203,45,42,92,0.999400
3288,262,55,48,94,1.293600
3289,1350,54,944,995,6.677100
3290,248,54,115,172,1.259800
3291,1746,63,602,647,10.509900
3292,1596,77,829,873,8.503400
3293,580,65,470,516,2.735700
3294,409,51,3,42,2.120700
3295,1282,64,939,998,6.201100
3296,2111,75,1933,1987,11.967200
3297,68,37,11,52,0.394400
3298,2006,73,81,125,11.876400
3299,387,51,218,262,2.005000
3300,387,52,14,55,1.848600
3301,160,49,85,130,0.785600
3302,377,44,28,70,1.813200
3303,72,49,14,50,0.374700
3304,183,55,75,119,0.946800
3305,211,52,163,203,1.062800
3306,325,58,19,54,1.575100
3307,419,58,110,162,2.113100
3308,1150,73,571,610,5.903500
3309,560,52,149,193,2.859900
3310,2103,79,1346,1386,12.402500
3311,573,54,12,57,2.848700
3312,483,59,3,58,2.368800
3313,490,59,383,427,2.615700
3314,574,56,79,129,2.693000
3315,872,76,540,585,4.393300
3316,331,55,60,104,1.573000
3317,343,51,15,75,1.828200
3318,394,52,38,84,1.885300
3319,307,47,267,306,1.707400
3320,525,53,249,302,2.572900
3321,359,64,29,70,1.851300
3322,187,45,135,180,1.098800
3323,328,60,229,276,1.587300
3324,607,59,220,275,3.169500
3325,162,44,8,45,0.833400
3326,209,49,150,191,1.053300
3327,1105,57,491,537,5.499600
3328,1561,62,1095,1137,9.161100
3329,320,51,50,80,1.767200
3330,834,80,354,408,3.989300
3331,1824,57,709,753,10.750500
3332,189,45,102,144,1.076000
3333,412,49,276,318,2.158200
3334,375,50,61,105,1.797600
3335,246,67,55,107,1.310800
3336,173,49,50,98,0.907900
3337,233,45,202,230,1.127600
3338,176,51,12,58,0.868600
3339,454,71,411,454,2.363800
3340,676,66,28,78,3.592200
3341,76,44,21,68,0.437500
3342,639,67,149,194,3.062400
3343,1883,66,1150,1191,10.915300
3344,584,65,30,86,2.825400
3345,1959,65,1416,1466,11.553300
3346,511,73,33,83,2.696300
3347,2517,54,1660,1708,16.227800
3348,681,73,9,55,3.268700
3349,1102,49,887,923,5.437900
3350,598,48,402,455,2.839100
3351,273,46,163,211,1.464300
3352,464,65,145,187,2.244400
3353,418,67,144,200,2.210300
3354,377,51,237,285,1.815400
3355,61,36,20,61,0.366300
3356,665,48,73,126,3.140800
3357,345,54,93,134,1.692200
3358,225,47,87,134,1.371200
3359,333,50,102,137,1.628700
3360,687,78,213,257,3.356900
3361,332,56,279,323,1.609200
3362,317,47,43,68,1.742900
3363,93,53,40,89,0.560000
3364,495,57,373,416,2.349000
3365,2084,63,913,963,12.502800
3366,180,60,2,39,0.912900
3367,352,50,270,314,1.994100
3368,657,53,540,575,3.438600
3369,167,55,127,164,0.863600
3370,728,75,12,60,3.529700
3371,260,56,71,121,1.478300
3372,224,49,31,67,1.096300
3373,227,43,150,183,1.109900
3374,1201,58,721,772,7.061600
3375,787,59,328,380,3.734600
3376,1384,53,1344,1383,7.269200
3377,283,50,125,165,1.380600
3378,249,67,148,193,1.226700
3379,499,60,415,455,2.624600
3380,2313,73,404,455,13.967500
3381,95,35,19,61,0.552800
3382,355,51,225,275,1.733800
3383,301,56,3,56,1.509500
3384,506,58,388,439,2.612800
3385,515,63,66,111,2.465000
3386,240,54,83,127,1.304300
3387,179,52,85,140,0.904800
3388,699,62,213,257,3.357700
3389,3004,73,1560,1590,17.994700
3390,172,51,58,90,0.921000
3391,536,57,431,475,2.562300
3392,483,53,30,79,2.292800
3393,1129,61,244,297,5.552000
3394,217,46,167,202,1.073300
3395,1180,70,956,1006,6.017100
3396,1373,71,778,833,6.874200
3397,334,59,122,172,1.969900
3398,505,62,390,440,2.415200
3399,416,42,202,256,2.337200
3400,619,55,367,411,2.948200
3401,238,46,54,85,1.176400
3402,101,39,84,101,0.646600
3403,203,46,125,169,1.238900
3404,199,47,52,96,1.122400
3405,404,53,350,393,2.197200
3406,574,51,517,567,2.911400
3407,807,50,500,543,3.890500
3408,406,52,99,148,2.280200
3409,373,50,2,54,1.819200
3410,1712,61,1205,1239,9.554900
3411,189,62,81,123,1.033100
3412,151,55,26,73,0.838800
3413,216,45,100,147,1.051200
3414,160,49,84,132,0.836300
3415,184,53,139,174,0.975900
3416,243,50,191,236,1.186800
3417,505,62,25,73,2.406200
3418,238,43,4,54,1.400500
3419,147,43,97,142,0.756300
3420,324,55,70,107,1.719900
3421,359,45,24,70,1.733600
3422,691,52,18,69,3.457100
3423,1326,76,509,566,6.503400
3424,291,44,11,45,1.646300
3425,1047,75,281,333,5.147300
3426,1073,62,276,325,7.368900
3427,708,67,45,93,3.352400
3428,417,63,268,308,2.001300
3429,338,48,148,199,1.706600
3430,485,53,232,280,2.319700
3431,120,45,81,119,0.614600
3432,512,55,270,323,2.455900
3433,561,53,74,113,2.719500
3434,631,55,531,569,3.418200
3435,751,68,235,279,3.796800
3436,721,78,176,223,3.512100
3437,110,42,19,58,0.627700
3438,144,39,75,123,0.731200
3439,442,48,277,332,2.198500
3440,2300,64,2102,2137,13.616000
3441,500,60,247,295,2.628900
3442,265,46,81,131,1.424400
3443,412,59,14,68,2.008200
3444,549,75,446,491,2.591400
3445,420,46,363,393,2.045000
3446,387,59,148,201,2.138100
3447,521,57,35,81,2.666500
3448,1527,58,875,922,8.338000
3449,878,52,563,612,4.545600
3450,510,56,13,48,2.589600
3451,854,61,282,328,4.304400
3452,150,46,115,149,0.967900
3453,684,52,491,539,3.519700
3454,1754,55,233,282,11.179300
3455,451,75,389,437,2.170500
3456,516,54,23,61,2.619000
3457,3535,59,2001,2043,22.006600
3458,478,69,126,169,2.317100
3459,670,56,530,581,3.377800
3460,431,54,91,132,2.074600
3461,484,54,439,474,2.726700
3462,1031,60,459,518,5.073300
3463,183,59,144,180,1.004300
3464,197,58,106,150,0.961000
3465,1544,59,1241,1284,8.231100
3466,793,48,30,77,3.919400
3467,548,56,467,518,2.679300
3468,253,46,42,91,1.260500
3469,138,47,28,77,0.693500
3470,307,50,155,193,1.517900
3471,251,54,127,181,1.369700
3472,592,49,254,300,3.017700
3473,490,62,156,199,2.353900
3474,1067,70,906,945,5.229300
3475,977,73,451,503,4.745400
3476,1978,66,1292,1338,11.594700
3477,436,51,204,245,2.170400
3478,1227,48,927,974,5.948000
3479,995,69,176,218,4.977500
3480,318,77,84,137,1.539400
3481,350,49,139,187,1.987100
3482,1553,79,1062,1110,8.292600
3483,585,50,9,39,2.891400
3484,513,57,314,357,2.564600
3485,409,61,6,62,2.032500
3486,926,49,223,266,4.522100
3487,163,40,76,128,0.941200
3488,1773,65,204,260,10.740400
3489,2669,59,113,159,17.708100
3490,956,64,788,847,4.684100
3491,836,62,444,483,4.004800
3492,492,53,273,324,2.499300
3493,309,55,219,262,1.492500
3494,167,42,101,125,0.825900
3495,157,44,21,64,0.793300
3496,913,51,824,868,4.534900
3497,2844,66,458,497,18.014800
3498,464,54,272,312,2.253800
3499,495,52,457,495,2.374500
3500,522,64,413,464,2.754200
3501,518,54,447,494,3.160400
3502,302,52,243,292,1.499300
3503,107,46,10,60,0.629800
3504,583,45,139,182,2.980400
3505,731,61,202,242,3.700700
3506,971,74,616,668,4.930400
3507,587,54,181,220,2.859000
3508,319,50,120,139,1.537900
3509,784,51,589,641,3.969900
3510,797,65,236,288,4.676200
3511,1637,58,945,992,9.615500
3512,2053,59,428,477,12.661300
3513,126,48,3,58,0.636100
3514,616,52,282,326,3.220000
3515,331,42,87,130,1.760200
3516,747,63,26,74,3.575900
3517,1215,57,718,768,6.105300
3518,455,53,33,70,2.430200
3519,655,70,14,56,3.387300
3520,112,45,2,44,0.634700
3521,497,48,206,250,2.464000
3522,406,47,78,105,2.034500
3523,1000,62,793,826,5.109300
3524,406,55,39,81,2.037300
3525,399,58,322,368,2.119100
3526,411,45,277,318,1.985800
3527,398,48,37,91,1.945800
3528,1395,62,178,215,7.221200
3529,1854,69,1679,1737,11.849700
3530,626,57,572,620,3.052900
3531,397,63,80,122,2.011600
3532,89,47,49,84,0.505900
3533,690,51,504,551,3.604100
3534,344,51,220,271,1.721000
3535,683,56,567,624,3.531200
3536,452,60,207,251,2.268700
3537,196,53,54,102,0.970800
3538,1711,74,1054,1096,9.267800
3539,1439,58,911,967,7.795500
3540,321,47,169,200,1.650000
3541,257,63,189,230,1.245400
3542,203,39,72,103,1.018200
3543,512,50,370,416,2.557400
3544,148,46,29,78,0.746700
3545,1318,55,1197,1249,6.469400
3546,155,66,8,61,0.871200
3547,775,77,211,255,3.806500
3548,464,51,296,349,2.226800
3549,677,64,628,674,3.432400
3550,818,55,98,149,3.908500
3551,408,58,360,408,2.180900
3552,412,49,239,292,2.240300
3553,397,48,182,229,2.088700
3554,92,38,30,53,0.491900
3555,222,44,113,158,1.099300
3556,1870,80,30,83,10.819500
3557,346,48,179,227,1.652400
3558,1544,72,783,839,7.961400
3559,178,39,35,83,0.903600
3560,541,55,25,69,2.671300
3561,596,66,160,208,2.837500
3562,286,51,135,184,1.421000
3563,565,46,503,535,2.704300
3564,873,71,436,486,4.366800
3565,189,45,31,80,1.059800
3566,621,67,407,457,3.037300
3567,792,59,471,520,4.071000
3568,722,58,207,251,3.572800
3569,609,68,423,471,2.954200
3570,392,51,279,332,1.926000
3571,114,35,39,71,0.671100
3572,230,55,46,72,1.134500
3573,442,50,360,386,2.097900
3574,313,51,153,205,1.607000
3575,3750,67,3154,3194,22.267900
3576,65,38,16,55,0.395300
3577,934,66,354,397,4.825000
3578,826,74,139,179,4.281200
3579,466,57,316,343,2.232500
3580,663,63,111,165,3.207400
3581,916,65,718,760,4.991400
3582,385,50,284,324,1.865200
3583,387,53,264,306,1.853200
3584,287,46,14,45,1.403700
3585,457,51,6,63,2.409800
3586,77,58,19,57,0.502300
3587,190,50,89,136,1.070400
3588,1247,52,470,514,6.325500
3589,237,62,155,214,1.343200
3590,1008,54,629,671,5.044200
3591,478,55,80,136,2.420600
3592,314,47,108,157,1.532100
3593,1671,64,664,708,9.168200
3594,1022,52,832,883,5.844000
3595,1195,85,1137,1189,6.191900
3596,525,51,100,131,2.519200
3597,413,49,45,95,1.979200
3598,498,45,96,142,2.480700
3599,743,57,458,509,3.695100
3600,717,73,525,575,3.470300
3601,542,53,256,310,2.597000
3602,571,59,455,477,2.942100
3603,2219,62,1438,1489,13.144700
3604,486,47,366,414,2.337500
3605,836,48,710,743,4.133600
3606,269,38,186,230,1.391800
3607,79,46,4,41,0.434000
3608,149,51,48,100,0.743500
3609,537,47,36,80,2.543100
3610,511,53,220,266,2.971200
3611,456,63,79,111,2.327200
3612,186,55,74,119,0.936100
3613,162,49,93,150,0.843700
3614,977,77,672,727,5.156000
3615,736,61,79,128,3.588200
3616,394,47,201,251,1.882800
3617,464,49,67,102,2.254100
3618,544,53,288,325,2.600000
3619,424,48,70,111,2.214600
3620,1831,77,1752,1789,10.739300
3621,221,69,2,33,1.139900
3622,352,57,63,104,1.714100
3623,849,64,50,101,4.221600
3624,193,56,2,49,1.062500
3625,182,46,79,133,0.961300
3626,558,52,486,532,2.852400
3627,985,57,864,914,4.955600
3628,1284,65,1147,1206,6.757900
3629,980,56,739,783,5.068400
3630,444,54,68,103,2.366700
3631,1126,64,700,745,5.762300
3632,641,54,5,30,3.290500
3633,941,69,95,147,4.785500
3634,3466,75,1397,1445,21.901900
3635,252,56,159,208,1.226300
3636,252,44,99,147,1.370600
3637,595,64,84,127,2.962900
3638,64,41,12,61,0.396900
3639,188,39,35,66,1.099800
3640,746,58,3,46,3.925800
3641,788,48,479,521,3.931600
3642,911,49,256,286,4.650300
3643,350,42,117,163,1.769800
3644,159,53,89,141,0.913300
3645,582,52,265,326,2.921800
3646,717,61,61,103,3.605700
3647,983,76,67,114,5.008300
3648,1209,89,296,355,6.010800
3649,428,58,95,149,2.214400
3650,269,49,62,113,1.454200
3651,721,52,380,423,3.592700
3652,669,66,607,656,3.491900
3653,107,54,50,96,0.549900
3654,1741,70,867,919,10.043700
3655,670,64,573,616,3.465100
3656,1518,78,650,697,8.161800
3657,176,41,57,105,0.977300
3658,478,53,382,432,2.438900
3659,611,64,58,114,2.866100
3660,490,56,3,46,2.460100
3661,606,53,500,548,2.995900
3662,428,53,46,93,2.123300
3663,5495,90,688,730,33.497500
3664,655,63,460,512,3.467300
3665,389,62,292,334,1.871800
3666,107,44,67,106,0.559300
3667,1820,75,634,688,10.634600
3668,765,53,435,478,3.584700
3669,1300,75,1021,1063,6.455200
3670,108,54,25,83,0.573900
3671,1133,56,713,750,5.807700
3672,392,51,199,241,2.074000
3673,266,47,54,112,1.325900
3674,70,37,6,46,0.367200
3675,142,46,6,59,0.733700
3676,299,45,215,254,1.473100
3677,2286,70,755,798,14.677400
3678,287,60,172,213,1.563600
3679,786,49,415,460,3.873800
3680,844,52,601,651,4.238800
3681,710,46,57,94,3.452200
3682,968,58,289,342,5.089700
3683,55,28,30,54,0.348600
3684,450,53,202,246,2.246300
3685,271,56,143,183,1.351300
3686,205,43,16,59,1.019000
3687,852,53,9,57,4.202800
3688,917,53,410,463,4.841100
3689,265,53,115,161,1.394600
3690,720,52,184,227,3.652200
3691,819,58,654,689,4.238600
3692,1140,55,38,87,5.862000
3693,823,63,651,699,4.136600
3694,972,59,528,581,4.703600
3695,879,49,661,699,4.265600
3696,320,47,63,99,1.555300
3697,776,49,528,584,4.193200
3698,1416,73,891,937,7.370100
3699,117,41,72,107,0.598400
3700,327,61,204,251,1.797600
3701,173,46,92,151,0.896500
3702,121,39,39,86,0.648200
3703,117,53,26,66,0.617700
3704,244,55,43,89,1.201700
3705,292,62,36,74,1.509600
3706,64,43,11,54,0.348000
3707,613,76,522,574,3.145000
3708,217,43,69,118,1.184600
3709,250,47,153,188,1.241200
3710,146,46,5,44,0.736600
3711,975,53,127,183,5.027300
3712,536,66,346,401,2.567200
3713,198,62,80,126,1.099600
3714,2262,62,350,400,14.541600
3715,949,62,220,257,4.568000
3716,424,63,120,171,2.068400
3717,117,43,65,111,0.611900
3718,447,60,371,409,2.239600
3719,637,52,78,118,3.321600
3720,419,46,224,273,2.157800
3721,839,62,21,70,3.985800
3722,778,53,347,409,4.028000
3723,368,50,319,356,1.875000
3724,594,50,127,174,2.863300
3725,538,57,183,231,2.665300
3726,667,59,455,486,3.301000
3727,431,64,253,294,2.077600
3728,556,48,463,499,2.938100
3729,326,55,221,281,1.580300
3730,749,62,345,389,3.671700
3731,717,51,194,230,3.609500
3732,88,35,5,34,0.457600
3733,257,52,175,221,1.306700
3734,617,50,143,190,2.948400
3735,1075,59,982,1025,5.219000
3736,1025,56,727,769,5.466300
3737,633,51,179,224,3.439800
3738,409,52,128,170,2.079700
3739,274,46,72,121,1.470300
3740,500,65,288,319,2.411400
3741,499,56,243,287,2.413000
3742,673,72,612,656,3.371800
3743,1447,72,1166,1216,7.354500
3744,473,56,173,201,2.259600
3745,991,68,287,326,4.928500
3746,1149,60,73,128,5.819500
3747,474,51,167,219,2.241700
3748,251,74,101,139,1.220100
3749,335,47,288,328,1.801300
3750,898,50,692,736,4.438400
3751,563,60,192,231,2.658700
3752,276,41,7,53,1.349300
3753,949,69,25,69,4.572100
3754,3989,106,471,513,23.218300
3755,486,74,182,236,2.511800
3756,2082,57,892,937,12.063200
3757,665,49,10,43,3.514900
3758,852,68,650,696,4.529400
3759,556,73,140,179,2.963700
3760,2009,72,1217,1272,11.674200
3761,1088,71,245,297,5.331700
3762,537,65,483,529,2.689500
3763,601,67,5,52,3.044100
3764,46,30,10,40,0.257400
3765,417,46,37,84,2.191000
3766,1016,71,172,224,4.979700
3767,280,50,174,228,1.338200
3768,97,56,29,83,0.560400
3769,193,39,162,191,0.969900
3770,1294,66,105,142,6.404300
3771,537,83,352,401,2.659000
3772,849,59,716,754,4.516800
3773,511,57,217,278,2.665000
3774,602,54,82,128,2.920300
3775,137,50,65,118,0.755800
3776,716,75,650,701,3.606000
3777,840,65,374,427,4.386500
3778,196,53,54,102,0.942400
3779,139,46,44,90,0.739300
3780,542,52,486,532,2.707700
3781,84,49,4,26,0.421100
3782,67,40,4,46,0.344000
3783,538,62,445,489,2.625300
3784,1213,65,898,962,6.111900
3785,556,87,155,212,2.591700
3786,2930,76,51,102,17.512800
3787,64,34,10,44,0.360300
3788,451,45,327,369,2.600700
3789,2929,76,51,102,18.008300
3790,3189,73,1259,1304,21.670900
3791,1817,61,240,281,10.525100
3792,146,46,83,135,0.776000
3793,1099,61,112,155,6.071300
3794,211,59,101,139,1.246500
3795,533,57,234,279,2.572700
3796,2240,63,444,501,13.576900
3797,66,38,10,54,0.350500
3798,990,56,64,114,5.049700
3799,540,57,500,536,2.813300
3800,296,48,68,117,1.599800
3801,2028,72,1235,1290,12.676400
3802,1034,71,245,297,5.123700
3803,719,73,246,291,3.893700
3804,537,64,472,515,2.762500
3805,213,54,16,55,1.101900
3806,749,71,496,543,3.885400
3807,1354,79,851,898,6.667000
3808,750,66,503,555,3.553600
3809,763,51,333,359,3.647900
3810,325,42,92,147,1.715000
3811,1082,48,990,1032,5.587200
3812,468,53,361,418,2.556700
3813,385,73,192,239,1.881900
3814,404,52,157,197,2.154100
3815,511,49,17,63,2.564300
3816,1045,71,245,297,5.189200
3817,135,49,31,82,0.773300
3818,992,71,245,297,5.026400
3819,584,64,519,562,2.861600
3820,888,76,368,404,4.420100
3821,1788,66,1703,1733,10.844900
3822,643,62,592,642,3.172900
3823,415,61,368,394,2.213600
3824,129,36,40,72,0.652800
3825,569,75,503,554,3.064800
3826,278,45,98,135,1.338900
3827,977,68,763,813,4.864400
3828,249,49,54,113,1.209900
3829,153,68,36,82,0.825500
3830,528,57,486,522,2.554000
3831,1063,59,493,538,5.577000
3832,1292,86,166,211,6.800600
3833,1979,56,1050,1089,12.360700
3834,897,71,485,532,4.316500
3835,45,36,12,34,0.285600
3836,2736,76,51,102,16.210500
3837,3579,63,3083,3128,22.412400
3838,913,82,862,894,4.385700
3839,201,53,51,91,1.112900
3840,62,35,4,24,0.402200
3841,188,39,134,187,0.974500
3842,72,41,35,69,0.380400
3843,1366,64,93,138,7.223600
3844,446,52,99,141,2.323300
3845,951,71,34,86,4.621700
3846,7905,85,7168,7227,44.079300
3847,70,36,19,58,0.431600
3848,140,48,74,117,0.712300
3849,570,75,504,555,3.497100
3850,76,42,26,69,0.423400
3851,512,54,332,380,2.503300
3852,617,61,461,523,3.134100
3853,134,38,55,114,0.807600
3854,1964,56,1050,1089,11.922000
3855,1322,65,1007,1071,7.850300
3856,1145,58,1014,1055,5.853500
3857,3139,76,51,102,19.215300
3858,770,69,419,475,3.824200
3859,89,46,34,70,0.555600
3860,108,44,67,108,0.567200
3861,554,54,486,528,2.615300
3862,2737,76,51,102,17.105100
3863,603,61,340,385,3.255900
3864,242,46,167,214,1.172900
3865,868,71,721,771,4.269200
3866,218,47,6,40,1.221800
3867,1559,66,824,878,8.567500
3868,1844,61,240,281,10.795800
3869,1264,67,348,387,6.805900
3870,731,73,651,699,3.645700
3871,97,38,23,62,0.494000
3872,138,50,58,109,0.690300
3873,817,55,684,725,4.096600
3874,404,73,192,240,2.110900
3875,94,47,13,51,0.490200
3876,229,45,180,222,1.159800
3877,89,42,8,53,0.522700
3878,263,42,194,241,1.277800
3879,728,73,255,300,3.499500
3880,922,62,706,754,4.496100
3881,831,69,437,493,4.223000
3882,61,45,21,59,0.358900
3883,122,54,48,99,0.606700
3884,813,60,175,226,3.839100
3885,956,56,64,114,4.638200
3886,648,76,231,273,3.181900
3887,151,52,115,140,0.754100
3888,781,54,90,131,4.017100
3889,362,49,43,79,1.746000
3890,489,50,382,432,2.371000
3891,2172,67,295,331,16.010400
3892,572,52,215,262,2.881500
3893,550,50,400,455,2.605100
3894,102,41,42,84,0.536800
3895,1148,58,7,44,5.591800
3896,925,63,258,312,4.728500
3897,1541,76,231,273,8.344200
3898,1344,68,639,693,6.670500
3899,860,72,94,142,4.359100
3900,965,54,226,280,5.036200
3901,458,54,24,52,2.342100
3902,124,50,22,56,0.652500
3903,213,76,60,99,1.062800
3904,1835,79,229,280,11.263100
3905,685,52,215,262,3.619100
3906,563,73,459,503,3.012200
3907,1918,57,1147,1192,11.383000
3908,1547,68,1490,1538,8.605000
3909,1034,72,677,739,5.200100
3910,134,52,47,88,0.670700
3911,152,45,64,111,0.766800
3912,784,55,367,414,3.759900
3913,129,48,83,123,0.666300
3914,919,63,345,393,4.514700
3915,1943,63,1586,1631,11.592400
3916,3734,68,811,859,23.912000
3917,149,44,30,69,0.825100
3918,250,49,69,109,1.384900
3919,1569,78,874,923,8.385100
3920,2074,59,1413,1463,12.712100
3921,808,69,414,470,4.144100
3922,1496,68,1439,1487,8.586900
3923,187,53,67,104,1.076300
3924,73,35,7,40,0.437400
3925,1621,87,786,843,8.735400
3926,1965,87,1096,1153,11.945700
3927,691,60,478,524,3.506200
3928,1315,69,927,979,7.057200
3929,180,43,107,154,0.951700
3930,59,31,30,59,0.401200
3931,845,79,749,802,3.974400
3932,281,52,93,145,1.563100
3933,942,62,520,554,4.883700
3934,1551,79,874,933,8.736700
3935,568,59,173,217,2.767700
3936,84,37,27,72,0.446900
3937,521,54,45,98,2.489300
3938,2141,77,138,199,12.963700
3939,1158,63,741,785,5.874600
3940,799,69,414,470,4.097700
3941,335,49,3,53,1.628000
3942,1168,71,833,871,5.912000
3943,473,54,24,52,2.262000
3944,466,49,317,357,2.221500
3945,960,54,817,871,4.942700
3946,1120,83,133,187,5.422400
3947,116,54,22,61,0.635000
3948,317,63,105,143,1.547600
3949,2792,87,1096,1153,16.465300
3950,122,49,38,80,0.645900
3951,1936,57,1124,1169,11.307500
3952,1655,87,786,843,8.643500
3953,479,59,144,192,2.317400
3954,869,58,123,164,4.291000
3955,56,42,3,44,0.338900
3956,1034,59,463,496,5.140800
3957,98,47,9,60,0.561300
3958,1285,64,231,281,7.155000
3959,1051,54,837,889,5.271400
3960,1417,69,1067,1112,7.378600
3961,4743,65,1241,1280,27.895000
3962,1275,65,915,959,6.561500
3963,1383,72,1112,1155,6.912600
3964,973,54,830,884,4.895300
3965,1949,63,1592,1637,11.509100
3966,114,50,1,39,0.586000
3967,106,37,29,74,0.613000
3968,373,73,331,371,1.794100
3969,853,58,694,737,4.355000
3970,314,60,89,137,1.551200
3971,2018,70,364,408,11.845600
3972,135,42,34,78,0.691900
3973,714,68,160,209,3.572400
3974,2460,79,1860,1916,14.949200
3975,727,50,13,54,3.711800
3976,533,72,262,305,2.519100
3977,511,54,212,262,2.803700
3978,1151,69,927,979,6.116100
3979,2554,68,509,555,15.802400
3980,553,57,112,158,3.387500
3981,508,42,355,396,2.462000
3982,1225,65,910,974,6.262900
3983,982,78,874,923,5.002300
3984,731,70,490,533,3.638600
3985,1896,77,1553,1598,11.255900
3986,137,53,2,40,0.776800
3987,943,60,586,639,4.601100
3988,478,54,24,52,2.449500
3989,462,49,317,357,2.483800
3990,69,38,5,47,0.358100
3991,57,31,19,51,0.393900
3992,942,83,104,158,4.968600
3993,782,53,409,447,3.801500
3994,605,62,114,169,2.944100
3995,1409,74,1315,1363,7.791300
3996,581,50,431,486,3.055800
3997,128,50,78,127,0.748700
3998,2519,74,679,726,16.187400
3999,546,46,378,423,2.583200
4000,709,73,236,281,3.594400
4001,1631,87,786,843,8.684600
4002,53,33,5,46,0.288000
4003,2798,87,1096,1153,17.563000
4004,2515,68,509,555,15.149500
4005,877,64,596,646,4.250000
4006,125,61,3,49,0.658300
4007,989,76,590,644,4.983100
4008,208,45,31,64,1.040900
4009,520,55,266,315,2.565800
4010,567,73,14,45,2.965300
4011,596,60,517,563,3.157600
4012,3029,65,1218,1257,18.933700
4013,2454,67,1092,1136,14.995400
4014,911,63,337,385,4.610500
4015,799,54,147,168,3.945900
4016,1503,87,830,881,7.809000
4017,154,41,21,66,0.781300
4018,1008,60,679,724,4.917000
4019,186,50,110,166,0.939400
4020,386,46,88,136,1.996600
4021,365,52,58,100,1.801500
4022,1674,79,229,280,9.284600
4023,96,53,34,76,0.494500
4024,2035,64,1946,1992,13.073800
4025,864,71,529,567,4.286600
4026,204,58,20,62,1.022400
4027,2035,64,1946,1992,12.114400
4028,1501,76,231,273,8.217100
4029,2019,64,1930,1976,12.222200
4030,889,70,310,365,4.544100
4031,360,73,318,358,1.762300
4032,2036,64,1947,1993,12.473800
4033,121,49,34,65,0.596000
4034,267,51,101,139,1.329600
4035,103,47,57,97,0.536000
4036,1180,68,475,529,5.931400
4037,449,57,268,313,2.449300
4038,1300,65,1003,1050,6.606000
4039,1643,63,169,229,9.045400
4040,780,54,90,131,3.868100
4041,5130,63,3585,3624,33.272900
4042,485,54,24,52,2.304800
4043,142,44,63,113,0.816600
4044,570,62,519,561,2.891500
4045,2306,79,1860,1916,14.068800
4046,1260,79,757,804,6.031800
4047,971,83,133,187,5.404900
4048,308,53,213,254,1.826400
4049,94,50,52,93,0.550800
4050,187,38,86,129,0.896800
4051,1781,56,1358,1398,10.971300
4052,707,55,452,507,3.471800
4053,673,52,215,262,3.342400
4054,137,44,47,96,0.757800
4055,622,60,543,589,3.080600
4056,543,46,36,67,2.906800
4057,2458,85,677,728,14.013800
4058,941,64,172,219,4.600400
4059,2761,68,25,79,16.480000
4060,1871,57,1124,1169,10.443500
4061,1856,73,1259,1305,10.329000
4062,1553,69,1203,1248,8.077600
4063,898,85,240,293,4.375900
4064,153,57,111,152,0.787700
4065,95,54,26,77,0.480200
4066,3578,63,3083,3128,21.491000
4067,279,46,216,252,1.351000
4068,121,65,37,82,0.618200
4069,1120,69,732,784,5.392300
4070,524,52,277,315,2.604800
4071,323,56,33,78,1.576900
4072,114,37,61,101,0.583800
4073,599,58,210,257,3.213500
4074,2395,82,1491,1553,14.291500
4075,161,46,101,141,0.850000
4076,2020,64,1931,1977,11.882100
4077,1133,72,862,905,5.588500
4078,214,59,153,184,1.163500
4079,735,59,310,366,3.529100
4080,2019,64,1930,1976,11.654200
4081,981,78,874,923,4.927900
4082,164,46,93,148,0.856200
4083,2016,64,1927,1973,12.143500
4084,500,51,2,53,2.558300
4085,2082,59,1413,1463,13.131900
4086,2796,73,1399,1445,16.975000
4087,4732,65,1241,1280,29.856900
4088,755,53,201,251,3.692900
4089,444,60,374,416,2.333000
4090,412,66,222,277,2.032200
4091,5115,63,3563,3602,33.709000
4092,1498,68,690,734,8.067000
4093,4100,63,4015,4061,28.549700
4094,5134,63,3581,3620,32.801500
4095,1915,63,1558,1603,11.322400
